1.692323602484471223e+01
1.775338095238093672e+01
1.320438596491228544e+01
1.509139999999996107e+01
2.053674999999996231e+01
1.937467553191477876e+01
2.024009302325583093e+01
2.016551807228922044e+01
1.196112222222224908e+01
2.247681578947367598e+01
1.328882608695651335e+01
2.287556179775271659e+01
1.452375496688734202e+01
1.426795698924741451e+01
1.608995454545455672e+01
1.925925170068035186e+01
1.284538636363647512e+01
1.810302054794520288e+01
1.824964444444447764e+01
1.932762032085559767e+01
1.725430327868843960e+01
1.665930088495579753e+01
1.889240000000002340e+01
2.535682500000007167e+01
1.993352972972993342e+01
2.140378571428575327e+01
2.056335164835167362e+01
2.151655294117638206e+01
2.497131707317072724e+01
1.738603225806452812e+01
2.687480555555553252e+01
1.757097311827977393e+01
2.498818604651163611e+01
2.630680645161288922e+01
2.199788297872353127e+01
1.836873333333331715e+01
2.127602142857160672e+01
2.461882812500012463e+01
3.676333333333334963e+01
2.353801724137936091e+01
3.121756074766359390e+01
1.691955932203384094e+01
2.092551190476192602e+01
2.020909154929575990e+01
2.221208552631568267e+01
2.166235849056602447e+01
3.138242424242423212e+01
1.849914754098367453e+01
1.781424242424248305e+01
2.462062790697666159e+01
2.742795555555552411e+01
2.321787272727265972e+01
2.087819999999996767e+01
2.406345405405402715e+01
2.928335802469156945e+01
2.494122807017549448e+01
1.838612727272731107e+01
2.146021839080451699e+01
2.552712500000009754e+01
2.010169841269852853e+01
1.737354054054059560e+01
2.719502409638568707e+01
2.772782278481006557e+01
2.235199371069202101e+01
2.775486821705402463e+01
2.813009374999999324e+01
3.235745070422533587e+01
1.856125757575759749e+01
2.276373513513536651e+01
1.457255813953483425e+01
1.463856363636354807e+01
1.981007947019856630e+01
1.487941891891894919e+01
1.897141463414633478e+01
1.902566486486501063e+01
2.237111363636375927e+01
1.592409189189190855e+01
2.939616279069772276e+01
1.156930769230769407e+01
1.838528571428586744e+01
3.610397727272739132e+01
1.615580519480523947e+01
2.364136111111115923e+01
1.660958823529410822e+01
2.183127659574466151e+01
1.492203947368428452e+01
1.416985317460330052e+01
1.923014285714292271e+01
2.476086567164178476e+01
2.241608695652180927e+01
2.360076744186040898e+01
2.973130434782591891e+01
1.498078378378375319e+01
1.589383168316834016e+01
2.207565217391308465e+01
1.302218918918917190e+01
1.279852380952385538e+01
2.064643814432978886e+01
2.032345238095242479e+01
2.512458888888861352e+01
2.368311458333340269e+01
1.806078055555567730e+01
1.492965671641795034e+01
1.378141891891891824e+01
2.080436936936932568e+01
2.396576086956516605e+01
1.375809999999999711e+01
1.328806097560977584e+01
2.131587027027016745e+01
2.058360294117638389e+01
2.449386075949363573e+01
2.160147019867558527e+01
2.348304301075286205e+01
2.697532432432442562e+01
2.137317837837855450e+01
3.231406976744188597e+01
2.215183333333339988e+01
2.600865000000011307e+01
2.108280952380941642e+01
2.193644736842103526e+01
2.219049999999999301e+01
1.686872727272724504e+01
2.242462745098035981e+01
2.267230434782616655e+01
2.615845901639346849e+01
1.475164999999997661e+01
1.677525454545459027e+01
2.632263636363634518e+01
1.258233333333333626e+01
1.262420930232559435e+01
2.313311250000002062e+01
1.419216883116878769e+01
2.254386666666664496e+01
2.462092903225803653e+01
1.715113333333335177e+01
2.669103333333347905e+01
2.282199999999997786e+01
2.160570588235293599e+01
1.925833823529416833e+01
1.804710215053764344e+01
1.540316279069762118e+01
2.049807142857144271e+01
1.801233802816896201e+01
2.728197619047617906e+01
1.775173983739848538e+01
1.622353191489364477e+01
1.487626470588240757e+01
1.733078846153844665e+01
1.295964864864860289e+01
2.337343137254894643e+01
2.264686666666671400e+01
1.861986394557823843e+01
1.551388607594939550e+01
2.020511382113805610e+01
2.335248484848495565e+01
2.045549999999997937e+01
1.917676666666663721e+01
1.682648979591841965e+01
2.427166666666667538e+01
1.707660952380950903e+01
2.386744736842103976e+01
1.853609302325583741e+01
1.307172000000002221e+01
2.219066666666665455e+01
2.456722702702714400e+01
1.324779545454542706e+01
2.713449999999993523e+01
2.012322807017551796e+01
2.482140594059421446e+01
2.518765979381446130e+01
2.187375000000003666e+01
3.224205555555560210e+01
1.746533928571430749e+01
1.851291891891895247e+01
2.144662790697672961e+01
1.680002325581398281e+01
2.262792035398235058e+01
1.731817333333324527e+01
1.599168666666666994e+01
1.858240213523120943e+01
2.010829545454535960e+01
2.067214634146337460e+01
1.860701612903228508e+01
2.240844324324315195e+01
1.558847619047614508e+01
2.347545999999994493e+01
2.388020089285710768e+01
1.591921296296291644e+01
2.398519607843153167e+01
1.885032352941173883e+01
2.237168181818177715e+01
1.930306486486502848e+01
1.897413178294571168e+01
1.837093478260865353e+01
2.375989189189197504e+01
2.813153488372091715e+01
1.522149206349213735e+01
2.164642038216556585e+01
2.658345454545459319e+01
1.539316666666679900e+01
1.862270212765951172e+01
2.005275770925122103e+01
1.644875581395350750e+01
2.186037837837832853e+01
2.042643157894745087e+01
2.490907843137255639e+01
2.738116666666674348e+01
2.095544827586205372e+01
3.939823809523809217e+01
3.240433333333349708e+01
2.240111946902659668e+01
2.356230232558136350e+01
2.271256716417909516e+01
2.019902325581394109e+01
1.670139024390253013e+01
2.005511811023619018e+01
2.462969999999992154e+01
2.004145794392507085e+01
1.345677777777776463e+01
2.447267948717946595e+01
2.011469354838699530e+01
2.473218604651162877e+01
1.618910837438423655e+01
1.690530653266347727e+01
2.140374358974356994e+01
1.966528108108102302e+01
1.682206818181813901e+01
1.937326984126981344e+01
2.202335664335648957e+01
1.569029268292682744e+01
1.594381395348830388e+01
1.507251612903226778e+01
2.603092499999982579e+01
2.945311538461540835e+01
2.432505633802824363e+01
2.693719512195125532e+01
1.909422857142855534e+01
2.566439473684224737e+01
1.903305309734503936e+01
2.385158928571405923e+01
2.447068292682922319e+01
1.073916901408449753e+01
1.498119512195121494e+01
2.337674999999994796e+01
2.810281395348831879e+01
2.777526785714287882e+01
2.921363333333336954e+01
1.778416000000008523e+01
5.415869230769222042e+01
2.652717592592607332e+01
2.753367741935494095e+01
3.444141428571435881e+01
2.513844915254244583e+01
2.235672972972975003e+01
2.777288372093033786e+01
1.413602499999997697e+01
2.034655932203385120e+01
1.528881690140846850e+01
2.202461666666666673e+01
2.638909189189213933e+01
1.263298684210524847e+01
2.236348039215677019e+01
1.451506521739126754e+01
2.481421874999991317e+01
1.411971212121212460e+01
1.907493548387090954e+01
1.432082524271844370e+01
2.001292857142854942e+01
1.845993617021278510e+01
1.804423529411768712e+01
1.437136585365851893e+01
1.812530303030303713e+01
1.389104938271604794e+01
2.540051111111112547e+01
1.544157534246573960e+01
1.870024324324332099e+01
1.743260465116275526e+01
2.413246153846151643e+01
2.208560544217682775e+01
1.429597435897436597e+01
2.450994117647053727e+01
1.934717500000000356e+01
2.171415555555563159e+01
2.588205263157884772e+01
1.907751162790695432e+01
2.034602083333341227e+01
2.185496721311469415e+01
2.338674509803935564e+01
1.588873076923071181e+01
2.010093023255809896e+01
1.416293043478263591e+01
1.545635897435893114e+01
1.758253191489354705e+01
1.792295652173909914e+01
2.382248387096788278e+01
1.396480000000004296e+01
2.390757647058808288e+01
2.094315290519902106e+01
2.077405063291137921e+01
1.131652830188676617e+01
3.031285483870966146e+01
1.709679999999999822e+01
3.254750537634411955e+01
2.654727906976745189e+01
2.516476404494395069e+01
1.929989610389619514e+01
1.396642857142859917e+01
1.652823456790114065e+01
2.094745312500001688e+01
1.815345161290322906e+01
1.136134883720933608e+01
1.727064444444435409e+01
1.766904729729735024e+01
1.266579411764703522e+01
1.763227272727276329e+01
1.628643243243236327e+01
2.065224999999998445e+01
8.727815789473641672e+00
1.887755140186901670e+01
2.244562318840575799e+01
1.876430952380950146e+01
1.780139583333331288e+01
1.623075362318839865e+01
3.462671428571458421e+01
2.463962962962986936e+01
2.266541791044780396e+01
1.615052150537625408e+01
2.031800000000000850e+01
1.525265151515156248e+01
2.032646987951807205e+01
2.872174698795166137e+01
1.670141379310341279e+01
2.623749999999996874e+01
3.396887500000006099e+01
2.127684962406009106e+01
1.720665686274513817e+01
2.555885999999993174e+01
1.786612781954884710e+01
1.892631793478258118e+01
3.371390476190472896e+01
2.597280000000005273e+01
2.646533898305082388e+01
2.210209677419350527e+01
1.093826666666667968e+01
2.511878260869574930e+01
2.227912698412698234e+01
1.857229189189188645e+01
1.667527906976747687e+01
2.425694252873563173e+01
2.335332666666664991e+01
2.366726785714275394e+01
2.043195522388057128e+01
1.692684999999996265e+01
1.806000000000001293e+01
1.446218803418800825e+01
1.255483018867918865e+01
2.129113333333327773e+01
3.193534883720919737e+01
2.968355238095232806e+01
3.460272941176473438e+01
1.931939999999996616e+01
1.790768322981374538e+01
