1.729288819875781513e+01
2.813200000000004408e+01
1.536126315789476493e+01
1.805756000000005912e+01
2.117988636363621779e+01
1.382782446808523424e+01
2.240004651162789528e+01
1.913681927710845798e+01
1.448490000000003697e+01
2.505134210526318839e+01
1.845073913043477631e+01
1.836338202247191731e+01
1.989653642384096344e+01
2.184402150537631471e+01
2.007566363636360762e+01
2.615853061224501630e+01
3.246820454545444079e+01
1.697774657534234777e+01
2.032333333333327730e+01
2.631729946524043484e+01
2.347084426229529797e+01
2.320697345132746037e+01
2.477168571428578403e+01
2.546389999999992426e+01
2.899576756756752260e+01
2.125559523809528173e+01
2.122803296703311204e+01
1.952725882352929077e+01
2.885253658536560906e+01
3.609912903225799141e+01
2.573080555555556259e+01
2.270103763440866373e+01
2.465390697674417098e+01
2.154693548387096413e+01
2.284690425531916347e+01
2.330132000000008574e+01
2.078017857142863178e+01
1.799979687500000480e+01
3.737800000000004275e+01
3.256891379310332724e+01
1.887096261682262011e+01
2.275400000000004042e+01
2.681205952380955182e+01
2.599607746478880799e+01
2.199824342105265629e+01
2.853752830188683376e+01
2.463412121212133243e+01
2.294022950819655904e+01
3.401406060606064585e+01
3.907895348837207194e+01
2.416533333333332934e+01
2.260187272727266716e+01
1.791236666666654997e+01
2.215222162162137920e+01
2.426733333333341491e+01
2.743500000000004135e+01
2.177910909090912739e+01
2.220150574712648961e+01
2.282212500000009570e+01
2.219763492063483312e+01
1.996100000000006602e+01
2.511328915662651795e+01
2.884362025316449163e+01
2.298362893081757719e+01
1.947282170542628421e+01
2.356278125000000045e+01
2.148694366197173267e+01
2.469434848484841538e+01
1.966895675675671029e+01
1.531200000000003136e+01
2.023170909090906733e+01
1.833961589403967452e+01
1.821701351351352827e+01
2.212697560975610855e+01
1.893583783783776298e+01
3.453147727272735779e+01
2.148968108108108765e+01
2.266225581395359256e+01
3.091366666666661445e+01
3.595197959183682457e+01
2.217934090909092859e+01
2.468175324675321036e+01
1.640419444444448160e+01
2.036300000000001020e+01
1.798489361702127454e+01
2.648618421052639604e+01
2.313118650793669318e+01
1.980642857142861146e+01
1.905143283582087221e+01
1.885923913043487588e+01
1.951518604651161937e+01
2.914700621117999191e+01
2.359251351351351644e+01
1.639773267326730277e+01
1.692730434782600923e+01
1.875305405405404358e+01
2.006093650793656025e+01
1.902098453608228468e+01
2.311664285714283906e+01
1.892998888888875442e+01
2.208544791666672680e+01
2.208533611111112194e+01
2.409502985074626480e+01
2.959468918918930669e+01
2.255083783783788576e+01
2.611054347826081212e+01
1.547869999999999813e+01
1.710942682926830472e+01
2.322155675675701048e+01
2.151619117647066659e+01
1.625143037974685001e+01
2.117948344370868341e+01
1.813454838709679962e+01
1.891332432432438537e+01
1.675061621621619068e+01
2.437904651162789804e+01
2.249394444444441632e+01
2.240142777777780125e+01
1.902745238095241831e+01
2.093667105263153161e+01
2.579446296296305974e+01
1.904757575757576404e+01
2.844337254901953571e+01
2.559488405797103638e+01
1.457219672131147448e+01
2.935195000000005194e+01
1.922361818181823523e+01
2.122360606060604127e+01
2.113045454545454760e+01
2.814262790697666006e+01
2.906291250000008120e+01
2.449928571428579716e+01
2.254511111111110111e+01
2.140464516129019756e+01
2.460590000000004807e+01
1.377094444444438359e+01
2.231626666666672065e+01
1.405376470588235449e+01
2.149222058823530901e+01
2.398411290322556155e+01
1.765106976744180045e+01
1.747785714285720360e+01
2.556802816901414133e+01
2.592869047619042533e+01
2.328634146341437727e+01
2.574242553191487559e+01
2.781232352941178831e+01
2.992086538461522949e+01
2.016040540540545223e+01
2.146821568627448684e+01
2.323425333333341314e+01
2.373036734693875971e+01
2.233669620253165178e+01
2.131540650406504867e+01
1.642054545454550407e+01
2.201490625000009160e+01
2.337603333333329658e+01
2.179469387755106879e+01
3.368451515151529208e+01
1.967704761904756694e+01
1.520155263157888825e+01
3.793688372093024697e+01
2.200811999999998392e+01
2.549133333333326235e+01
1.922651351351341376e+01
1.866879545454546374e+01
1.697969444444448328e+01
2.606870175438594828e+01
2.805079207920784157e+01
1.817452577319589935e+01
2.729741666666678412e+01
1.997622222222227251e+01
1.682473214285715812e+01
2.000484324324321506e+01
2.035369767441854449e+01
2.005965116279062599e+01
2.606494690265478198e+01
2.312907999999996278e+01
1.779548666666662982e+01
1.927884341636991650e+01
2.449293181818184451e+01
2.318351219512193140e+01
1.969411290322586794e+01
1.479589189189200482e+01
2.368861904761904924e+01
2.930113999999998242e+01
2.129976339285712328e+01
1.711549074074070376e+01
2.116141830065370399e+01
2.424991176470586041e+01
1.326918181818181708e+01
2.022537837837830210e+01
1.944806976744202842e+01
2.442271739130426411e+01
2.066384864864860305e+01
2.162493023255816738e+01
2.526190476190475565e+01
2.303355414012748170e+01
2.618045454545447726e+01
2.085659523809535187e+01
1.954534042553196116e+01
1.986240528634361979e+01
1.811843023255808660e+01
1.664410810810809949e+01
1.760502105263159578e+01
3.078115686274502139e+01
1.852025000000003274e+01
2.983331034482753097e+01
2.785057142857134593e+01
2.294554166666662098e+01
2.531278318584062959e+01
2.615979069767448451e+01
2.421850746268652443e+01
1.545716279069764276e+01
1.899465853658537284e+01
1.725113385826767143e+01
2.317486666666659190e+01
2.050646728971960542e+01
1.444381481481482687e+01
2.049708974358971503e+01
1.815174731182787227e+01
2.452874418604654849e+01
2.143720689655179257e+01
1.941007035175886841e+01
1.898843589743602323e+01
2.553274054054062248e+01
2.833606818181826981e+01
1.748196825396832921e+01
2.681267832167825205e+01
2.346326829268288350e+01
2.343809302325585264e+01
2.322784516129045329e+01
2.088684999999983205e+01
2.570211538461532541e+01
3.056804225352095017e+01
2.626031707317075004e+01
2.427002857142863945e+01
2.442853508771901971e+01
2.606039823008851997e+01
2.257041964285697944e+01
2.601678048780485497e+01
2.513094366197185181e+01
4.201997560975603108e+01
2.634599000000012126e+01
3.090499999999997272e+01
2.676398214285713451e+01
2.097970000000005086e+01
2.064677333333342446e+01
3.691838461538450389e+01
2.326245370370391186e+01
1.945272043010761109e+01
2.262130000000001928e+01
2.467480508474586642e+01
2.276921621621619707e+01
2.397246511627899679e+01
2.157497499999998425e+01
2.163391525423724104e+01
2.283667605633805309e+01
1.531324999999991299e+01
3.471425945945966873e+01
2.509256578947364247e+01
2.503267647058840240e+01
3.664358695652170894e+01
2.782903125000008870e+01
2.523698484848480916e+01
2.529809677419358493e+01
2.841435922330087394e+01
1.769956122448975933e+01
2.094517021276600133e+01
2.317748235294120107e+01
1.994185365853657288e+01
1.900290909090929148e+01
2.526104938271607736e+01
1.288686666666667691e+01
2.337404109589031975e+01
2.529192972972974829e+01
1.399190697674421635e+01
2.435600000000006560e+01
1.975104761904753659e+01
3.122735897435895680e+01
2.795017647058817900e+01
1.735997499999997373e+01
1.680535555555558602e+01
2.437461403508760327e+01
1.921746511627910081e+01
2.448618750000010635e+01
1.909516393442624604e+01
2.378639215686271413e+01
2.140930219780216603e+01
2.293148837209306734e+01
2.038390434782608907e+01
2.087374358974347288e+01
2.195474468085099318e+01
2.202883695652151630e+01
2.193970967741949707e+01
3.188400000000001100e+01
1.770969411764711055e+01
2.228927522935743966e+01
3.132675949367078871e+01
2.588811320754709300e+01
2.893153225806459616e+01
2.675186666666661139e+01
2.493812903225792610e+01
3.799402325581398543e+01
1.823375280898868311e+01
2.279210389610383558e+01
2.189214285714282582e+01
2.175018518518510291e+01
2.882110937499998471e+01
2.688832258064532965e+01
2.875799999999996714e+01
2.391137777777778695e+01
2.530776351351352105e+01
2.175820588235295006e+01
2.078118181818187082e+01
2.241897297297305514e+01
2.324004411764709133e+01
1.502760526315786116e+01
2.110893457943928553e+01
2.227124637681152564e+01
2.380683333333326601e+01
1.952010416666678694e+01
2.681431884057967352e+01
2.333888416988439118e+01
2.345587654320967985e+01
1.482834328358216069e+01
2.494369354838712738e+01
2.183357142857139976e+01
2.813980303030313124e+01
2.139921686746994212e+01
2.121832530120460802e+01
2.525486206896543706e+01
1.837672222222230900e+01
3.268076785714281840e+01
1.473997744360887552e+01
1.564850000000006602e+01
3.040550000000004971e+01
2.376480451127820359e+01
1.891686141304336388e+01
3.143776190476202359e+01
2.235365000000000890e+01
1.553855932203385493e+01
2.519852688172026944e+01
1.935506666666661957e+01
2.546782608695656336e+01
2.327214285714277153e+01
1.891363243243248959e+01
1.996081395348836196e+01
2.278177011494247495e+01
2.298091333333319852e+01
2.047198214285720042e+01
1.771756716417909061e+01
2.054795000000004990e+01
1.773034666666665871e+01
2.211837606837604042e+01
2.644728301886802058e+01
2.323423333333334995e+01
1.728976744186043035e+01
2.696572380952395420e+01
1.948717647058826330e+01
2.022195000000001031e+01
1.981610559006221806e+01
