2.411581070120587711e+01
2.403115325294784910e+01
2.033359761404323152e+01
2.327574676353053817e+01
2.992331937256828667e+01
2.926850203971715914e+01
3.077686739276153816e+01
2.934245520726512524e+01
1.617525300162768431e+01
2.944086193228358894e+01
1.806035741617534285e+01
2.782956010868117858e+01
2.398086725091385318e+01
2.101765378033688592e+01
2.649253990191479957e+01
2.639162015272479778e+01
2.033400293731033770e+01
2.609630866013300121e+01
2.874747780240911155e+01
3.193488494950269541e+01
2.347363001292302798e+01
2.439621317814773249e+01
2.715306536759973710e+01
3.991629489318868451e+01
2.983340450713737368e+01
3.288474074052327012e+01
2.713581385800438284e+01
3.123732055429471544e+01
3.439612927740990500e+01
2.584656959206427373e+01
4.242030836691840534e+01
2.486633825311400514e+01
3.695159316199100630e+01
3.411319416958212258e+01
3.174125579203373704e+01
2.600870734965511488e+01
2.934247560521874121e+01
3.374087873735287957e+01
4.319314267205949420e+01
3.355072001642722057e+01
4.281069227413468070e+01
2.407206639113020685e+01
3.068212758617438496e+01
2.975568410014467347e+01
3.170556982136369584e+01
3.202013419945249240e+01
4.000425759916824120e+01
2.357475197790357768e+01
2.414278225788229904e+01
3.169631983993328106e+01
3.535198200949979963e+01
3.156791110375440113e+01
2.808631509590863118e+01
3.147842403503914710e+01
3.732810054597432980e+01
3.367235932938189080e+01
2.242531835793072403e+01
2.622968206563636784e+01
3.438873937113299206e+01
2.629454882549830330e+01
2.804520305757381493e+01
3.692376861909060182e+01
4.139719093998438382e+01
3.393757380709389082e+01
3.576284770713909467e+01
3.718562270471610987e+01
4.267060189140356385e+01
2.726704065739669502e+01
3.395345423258623185e+01
2.025066099409290388e+01
2.369683685066996048e+01
3.182277681949382142e+01
2.195860930404222700e+01
2.667289388672859829e+01
2.825075876713618328e+01
2.732436407394420641e+01
2.148772626533704866e+01
3.834886428384113088e+01
1.639354174745777115e+01
2.749990315010773045e+01
4.237016385650714057e+01
2.227770311844929907e+01
3.054299688326469209e+01
2.157178464896163561e+01
2.924335837307623009e+01
2.195392406477948199e+01
2.258794190105425770e+01
2.420923883070065941e+01
3.320299974759517170e+01
3.186537615500565579e+01
2.961434473673268286e+01
3.788898525432541931e+01
2.160546072114578919e+01
2.359942032557091807e+01
2.886817296669088151e+01
1.678161795987951876e+01
1.701790694141515914e+01
3.013877923991210750e+01
2.825087038271476914e+01
3.492730996258112697e+01
3.492270366615633748e+01
2.720101362745718632e+01
2.251859926451506055e+01
1.966757350138631821e+01
3.015899201812867503e+01
3.174912673567976995e+01
1.641601858957687199e+01
1.751650738867658319e+01
2.951696895923667441e+01
2.771256908771133709e+01
3.112540649523587177e+01
2.924741591574103694e+01
2.980227333646715593e+01
3.552597112810000368e+01
2.803053120573474288e+01
3.963287187160036495e+01
2.977581615325756204e+01
3.507854076766717100e+01
2.923232925733980636e+01
2.696714642515571825e+01
3.037239057835987310e+01
3.033818007565762187e+01
3.694644119877997213e+01
3.448198246805919354e+01
3.378996089150123083e+01
2.115912636429019855e+01
2.346534330764106002e+01
3.236082213717601519e+01
1.982867968067435527e+01
1.770377431181612948e+01
3.252221887610070894e+01
1.984946017454316447e+01
3.100984871509908203e+01
3.198415588199670267e+01
2.194133372579400643e+01
3.877102663215299572e+01
3.120252323130294414e+01
2.979040420909348086e+01
2.989037620795264871e+01
2.646098265696200258e+01
1.944661041786422473e+01
2.672056278812788577e+01
2.245741750795850322e+01
3.446827474028005867e+01
2.394960148691654567e+01
2.479510574561382086e+01
1.967028721492513910e+01
2.189828100471680727e+01
1.770495962733057382e+01
3.146036213533265880e+01
3.159191387048265298e+01
2.506890192939408735e+01
2.252941496934079879e+01
2.719134173280807332e+01
3.506629264692811176e+01
2.629648173948367429e+01
2.963444986835429162e+01
2.341469817469883807e+01
3.140343152934381976e+01
2.569370725257360277e+01
2.967485957489056148e+01
2.526906734826520662e+01
1.950206836551776490e+01
3.401022456439589803e+01
3.573896493230380855e+01
1.574616425875319514e+01
3.870555395834335144e+01
3.122448973077645817e+01
3.499702090574604085e+01
3.526150160096192110e+01
2.941472965057926459e+01
4.322670100759478373e+01
2.549034471618619335e+01
2.723106146951954187e+01
2.666673835794628289e+01
2.325279216542334026e+01
3.518163031962704679e+01
2.458983152172185882e+01
2.189349690509340363e+01
2.503854661839553941e+01
2.797778100158637571e+01
2.633472483613838477e+01
2.606497671453080045e+01
3.233483702122501313e+01
2.196106350967984611e+01
3.323774860305673684e+01
3.307557829304936803e+01
2.378129661722198662e+01
3.261063144640618106e+01
2.544926841084155811e+01
3.151031177538261119e+01
2.738181286221964328e+01
2.697656640709250553e+01
2.403905804148193681e+01
3.456012413954159967e+01
3.969819923278106444e+01
2.445458882506869713e+01
3.066304820085813176e+01
4.231193156459859495e+01
1.880299984298340732e+01
2.403401530544007869e+01
2.603075835654310310e+01
2.317345951579587648e+01
3.273208564712627577e+01
2.622349255513977084e+01
3.307117060072051373e+01
3.808767534693257062e+01
2.932896278895417552e+01
4.591499942180943350e+01
4.193775358591980051e+01
3.053292814352565898e+01
3.603866480181626031e+01
3.413536231823264444e+01
2.635846027193122509e+01
2.375094282595851780e+01
2.816819237601665549e+01
3.271404582642340131e+01
3.203167082864658965e+01
1.589668769365584033e+01
3.633813035317174922e+01
3.045230389875188592e+01
3.098012870242157035e+01
2.182893009773549764e+01
2.303728940469288489e+01
2.840078389131237202e+01
2.944857880019586105e+01
2.372957691746349340e+01
3.052406922257843291e+01
3.304912911159639322e+01
2.131682765946691305e+01
2.715047018308870008e+01
2.254936284344100983e+01
3.626901097872692503e+01
3.710130690731486425e+01
3.478761865101502337e+01
4.063881827130062874e+01
2.690812754540896989e+01
3.745906626607659007e+01
2.854449913839706454e+01
3.341461396497912517e+01
3.382110963692898764e+01
1.502506582207700703e+01
2.493343858668710311e+01
3.235807253375881487e+01
4.086198951604416862e+01
3.991540102651038779e+01
3.660631999623376487e+01
2.511407493286050752e+01
6.948953989907121809e+01
3.395427227387074964e+01
3.447998567503379519e+01
4.062890160429425634e+01
3.219661261396234408e+01
3.292803638813549583e+01
3.849859958189971820e+01
2.331611847520940017e+01
2.959627790672671210e+01
2.119033244227390256e+01
3.322715537277709075e+01
3.803195943101226817e+01
1.688489474820306668e+01
3.139798861267339447e+01
2.019106936139155195e+01
3.651166884966366410e+01
1.830696633839562537e+01
2.503744388813716171e+01
2.295706084034245009e+01
2.809307385227519660e+01
2.769771796038014955e+01
2.409243260738056236e+01
2.417398893388529402e+01
2.772668106770635177e+01
2.126394052247166044e+01
3.055197149848835636e+01
2.637818161554103114e+01
2.887884352610764438e+01
2.193996625042449722e+01
3.099616904781980509e+01
3.125523818520047215e+01
2.257488191751495421e+01
3.165255822762107485e+01
2.916966906308669749e+01
3.003925059355216121e+01
3.385816492524752874e+01
2.761974828539965543e+01
2.601625907885942013e+01
3.099791320051863153e+01
3.080021129288362758e+01
2.517261054823642752e+01
3.091077249567006291e+01
2.107454424284139449e+01
2.361061898210092380e+01
2.670006247104015884e+01
2.325850791272056739e+01
3.288712367072148623e+01
2.116384947971423358e+01
2.989543426482297406e+01
2.954928439655730799e+01
3.337194341950940668e+01
1.793017573496679873e+01
4.071424230675185640e+01
2.062120346741293631e+01
4.177722610684907067e+01
3.667367875903548224e+01
3.137460212738458765e+01
2.789303788291377728e+01
1.779292399482767806e+01
2.477278286724480338e+01
3.216480631791132794e+01
2.718220896061413328e+01
1.747195323275112244e+01
2.643639904878635605e+01
2.837432615106524025e+01
1.877710122181050778e+01
2.281317218187770735e+01
2.349075422948928704e+01
3.062682947476719519e+01
1.285117871923368504e+01
2.348316828518425936e+01
3.046614710019026973e+01
2.872538511905618464e+01
2.645464453944387984e+01
2.358846500833141846e+01
4.374335751670154337e+01
3.420445090884091854e+01
3.366938451445307834e+01
2.322177182791951111e+01
2.884990254997156356e+01
2.381050051972867720e+01
3.153826611846374561e+01
3.571317036767869979e+01
2.513158807090223590e+01
3.848877436873517865e+01
4.570727382524272997e+01
3.181719048881430112e+01
2.559233101467521365e+01
3.835328422182377039e+01
2.559111561795290157e+01
2.544731526423984391e+01
3.956301405894868140e+01
3.711772673534838418e+01
3.811273119068685844e+01
3.397821209704574841e+01
1.765268759518886910e+01
3.488062494454106144e+01
2.798656634944238775e+01
2.495704048636046934e+01
2.110506066833145766e+01
3.188615168729661420e+01
3.214113818872423423e+01
3.138588060338598851e+01
2.771639705699307044e+01
2.674380969495554794e+01
2.446193387285643084e+01
2.149022646072705811e+01
1.641215914876919513e+01
3.047641769193576877e+01
4.030606709480779415e+01
3.891045430460141574e+01
4.553518213684105120e+01
2.703889329281073017e+01
2.605468815958402828e+01
