2.489217061797815944e+01
3.863232384563846722e+01
2.109729879608351411e+01
2.736730654266137464e+01
2.764576733179311674e+01
1.919770442698696300e+01
3.102159313978301469e+01
2.545149633208567508e+01
1.970087445041747642e+01
3.293978171962948664e+01
2.427496628753310404e+01
2.572066956377667069e+01
3.031936304678765026e+01
3.034691453909286096e+01
3.123866641752578488e+01
3.545527136191375916e+01
4.155570828855694288e+01
2.517356035115869517e+01
2.749348371281206838e+01
3.508386430386456567e+01
3.345881617382936213e+01
3.279542328176428612e+01
3.507684770003470476e+01
3.502678383037761023e+01
3.876143608264761298e+01
3.121424784949208586e+01
2.643821718274887189e+01
2.549611426218877241e+01
3.962161398320547079e+01
4.377223672677143895e+01
3.603295375609513940e+01
3.387278713400778685e+01
3.252476237333425502e+01
2.751306874806013880e+01
3.244881616205979924e+01
3.269815170107735014e+01
2.704117884291077445e+01
2.447357167372086195e+01
4.639447933512967381e+01
4.261083462470312355e+01
2.689606577734119242e+01
3.196077347868684981e+01
3.635679409716705379e+01
3.618997639122166277e+01
3.117695863618886065e+01
3.966427404680913327e+01
3.181651356059479951e+01
2.969117211077178453e+01
4.256197615171781479e+01
4.646874061329881300e+01
2.970976473970954501e+01
3.053742848910618690e+01
2.403804544882965644e+01
3.005268466219615320e+01
3.197676419519429913e+01
3.618587495093785833e+01
2.659609940300545361e+01
2.771383741892777408e+01
2.873269514918005640e+01
3.297175023879569977e+01
2.858176707509774062e+01
3.467551585599720454e+01
4.073579351648521651e+01
3.262592957590367604e+01
2.657300600641663735e+01
3.384759968871494351e+01
2.708040294237014223e+01
3.377647074383424552e+01
2.943263862596216285e+01
2.387364687021487697e+01
2.795257695715103807e+01
2.822081283062537693e+01
2.423385326746845791e+01
2.946363115733718274e+01
2.616287514367982681e+01
4.327902031375230507e+01
2.946680003628446443e+01
3.085891595934712228e+01
3.975911352710895841e+01
4.888555856825824719e+01
2.993679309281174028e+01
3.354712663678386519e+01
2.577691026976573951e+01
2.572166422664427543e+01
2.645728288102936432e+01
3.700140918724734007e+01
3.425126420271413252e+01
2.573065074223830351e+01
2.597640860817955044e+01
2.750640146244225193e+01
2.372895827249215728e+01
3.745618316137709058e+01
3.401627870236191598e+01
2.365851355147553647e+01
2.626018141266521155e+01
2.531873409050991341e+01
3.019400835917034698e+01
2.882055374547608295e+01
3.048575172655800003e+01
2.854696370505592640e+01
3.272764427978531643e+01
3.031442580365919071e+01
3.423663765050447694e+01
3.948907822150044922e+01
3.206553378952563804e+01
3.260867790274882339e+01
2.039780706350563477e+01
2.494799897885164697e+01
3.008039816621170814e+01
2.679483104509705882e+01
2.370885014215769715e+01
3.030187173201638728e+01
2.401540995644976917e+01
2.320396058341673040e+01
2.361148732565837349e+01
3.337190919753271601e+01
3.020434181752073854e+01
3.041081797924324093e+01
2.596761403308796901e+01
2.771786248593987523e+01
3.380340244489969592e+01
2.431419938050913743e+01
4.304488477729034912e+01
3.282029350344353702e+01
2.032202870020123342e+01
4.285922979359288831e+01
2.372157227274172442e+01
3.210405039583290687e+01
2.977603711650752416e+01
3.702554613701444453e+01
3.771888844630765192e+01
3.646471846315823484e+01
3.192166393602382612e+01
2.961358017379318142e+01
3.092234993765304196e+01
1.812699231961978441e+01
2.945184780847085193e+01
2.050884975407678823e+01
3.298132673775203472e+01
3.266291830507935146e+01
2.289817614347646213e+01
2.321792666392565607e+01
3.336700607013616349e+01
3.248309760841923577e+01
3.189582937795021778e+01
3.318093295085841987e+01
3.894064328073750403e+01
3.981177999469692708e+01
2.306014874779149793e+01
2.965515452004663643e+01
3.223336152704732882e+01
3.255164594101796638e+01
2.968451575433934764e+01
2.935595164883393693e+01
2.465275019386710298e+01
3.124127926317989079e+01
3.320192292122049338e+01
3.340355273784817314e+01
4.362592879622550157e+01
2.613182318280032490e+01
2.270610864364127579e+01
4.313762262319740159e+01
2.913330288861869022e+01
3.538552403778365374e+01
2.839139807587319098e+01
2.491740962660441738e+01
2.252727060944376447e+01
3.332363979930284614e+01
3.925767437113032088e+01
2.772065589404177999e+01
3.325288188638698017e+01
2.727411291968180151e+01
2.410020514509606571e+01
2.747970003770335623e+01
2.944880666038836736e+01
2.823016684740914428e+01
3.608556457025421338e+01
3.095307719112910405e+01
2.465479453169307433e+01
2.631586537619883970e+01
3.430474129369397929e+01
3.200320945033403319e+01
2.617196070717794498e+01
1.990522785601810440e+01
3.452032218577230793e+01
4.060283650436265646e+01
2.876476786784600037e+01
2.127294805137029243e+01
3.018042404857240157e+01
3.429310766371717989e+01
1.800610749919945519e+01
2.862900608011278081e+01
2.776163328053858592e+01
3.600782714729622569e+01
3.054258598938410785e+01
2.675767786358083455e+01
3.428794980608738285e+01
3.166068312873781210e+01
3.839594507473175611e+01
3.229329199473407641e+01
2.409854807580117253e+01
2.752803628117704093e+01
2.530486657625091240e+01
2.472762102632645309e+01
2.257975534108277671e+01
3.996042050898491738e+01
2.371330263094257873e+01
3.582493722592378305e+01
3.503836917954235020e+01
2.815810253432096388e+01
3.519349650990821488e+01
3.710989697804253495e+01
3.371985361417215188e+01
1.967654098453989064e+01
2.696432045880030870e+01
2.464144767707544759e+01
2.859673339736546538e+01
2.909256274553349186e+01
2.493747243570368965e+01
2.770791587578331416e+01
2.489212286013133379e+01
3.521077500913867908e+01
2.838586092655760496e+01
2.778491926012126356e+01
2.658965096539508011e+01
3.734818587222077468e+01
3.958226046361027528e+01
2.548931600644064943e+01
3.696593240824826410e+01
3.618040124357848697e+01
3.394489732520348468e+01
3.285856902230460008e+01
2.890049428426788580e+01
3.674966369809490629e+01
4.169950758144748448e+01
3.730257545872213853e+01
3.419763963450442645e+01
3.296629519995419599e+01
3.759262633756459593e+01
3.094591368420071475e+01
3.870597758713255843e+01
3.651474732175794458e+01
5.160708680536608028e+01
3.685340036007537634e+01
4.138113182273098545e+01
3.655651407410170606e+01
2.727334651877788474e+01
2.950028180204386530e+01
5.008305372847412684e+01
3.113949237347607379e+01
2.761336541939335376e+01
3.245461076422178337e+01
3.240103693282107855e+01
3.341856171149292010e+01
3.195741799827208496e+01
3.243394661847372618e+01
3.174018526800776385e+01
3.391190729846533713e+01
2.664896472348096168e+01
4.744674349090673360e+01
3.616898496349433856e+01
3.481036994328326273e+01
4.455574963385518572e+01
3.572284099056932405e+01
3.796980281231462584e+01
3.988411054381147380e+01
3.866882643128460728e+01
2.334560729777746602e+01
2.956278398990937717e+01
3.290740007246707677e+01
3.290357656443607937e+01
2.462760973403867126e+01
3.451886288593914998e+01
2.007571684620224062e+01
3.257628538449491629e+01
3.542298418838836938e+01
1.834097022616876416e+01
3.224132812448603147e+01
2.674826237092693049e+01
4.088876670074176189e+01
3.566378622966575307e+01
2.663246267715402738e+01
2.230355573545268655e+01
3.166577069738938732e+01
2.568330459430252688e+01
3.165754085061463741e+01
2.639034566083512345e+01
3.413934013858555261e+01
3.282108957232038904e+01
3.445640211886234283e+01
2.800885383774834736e+01
2.972904576422330081e+01
3.752179615931620305e+01
2.913795989135881115e+01
2.574451356312928851e+01
4.224077325049817233e+01
2.580460609590283028e+01
2.954121343001040501e+01
4.275781755451640009e+01
3.659949625903472992e+01
3.899298792421615900e+01
3.833061742842727426e+01
3.367526400978963608e+01
4.714038649928875202e+01
2.856987680930514273e+01
3.232768611593445485e+01
2.892515343828917196e+01
3.072669235110570440e+01
3.886266001695908301e+01
3.497238273082020754e+01
3.938902793749130637e+01
3.454009948515552963e+01
3.392389145652447979e+01
3.453140260094042446e+01
3.275359671436509501e+01
3.152872048389152937e+01
2.894207894530857672e+01
1.869388458265093078e+01
2.903246356019120711e+01
2.866684552185526869e+01
3.542403055433252490e+01
2.707499978839645038e+01
3.704443317524727064e+01
3.267702407079848825e+01
3.058917653737281128e+01
2.082501272687788685e+01
3.515696383624164412e+01
2.873928447927944418e+01
3.988268966606952404e+01
3.060574539928379068e+01
2.852514735609166863e+01
3.923520887566728277e+01
2.896677427099307778e+01
4.493050214935131947e+01
2.358399007897334343e+01
2.104838391868211644e+01
4.072771329942300156e+01
3.290632539806005497e+01
2.660833328777385631e+01
3.897805928003722897e+01
3.248232167400190207e+01
2.411519685782231903e+01
3.486146005708626205e+01
3.045055137979167270e+01
3.704569735035252620e+01
3.173924000900473530e+01
2.749529089115426572e+01
2.802708747489796437e+01
3.190374014034292571e+01
3.090578949107539941e+01
2.898179788061563045e+01
2.563050410053927664e+01
2.667679997675885417e+01
2.186661127838504370e+01
2.996231372223678946e+01
3.567285879652730785e+01
3.092575979125921037e+01
2.614307766441134717e+01
3.647301842784742121e+01
2.892869937500498523e+01
2.985968080874275543e+01
2.836150174628182441e+01
