1.863693750000000193e+01
1.537601162790684484e+01
1.587248837209298102e+01
2.195586567164162162e+01
1.221054594594592224e+01
2.138309090909098487e+01
2.388129545454544811e+01
1.385463076923066872e+01
1.313031372549021647e+01
1.505106250000002888e+01
1.660412804878063753e+01
1.580027830188682891e+01
1.135737908496730242e+01
3.057433333333333181e+01
1.777552717391299453e+01
3.088824731182795702e+01
1.490549342105247277e+01
1.984944918032796579e+01
1.272912499999998204e+01
2.463395988538676917e+01
1.564126486486495082e+01
1.483096739130440156e+01
1.397760869565222031e+01
1.548072999999988220e+01
1.332299019607843071e+01
1.993215675675686072e+01
1.746067796610170220e+01
1.125749999999996298e+01
1.515025806451615686e+01
1.673821428571435277e+01
1.861403749999999135e+01
1.289929487179489875e+01
1.628511570247929896e+01
1.887748648648654637e+01
1.674660000000009319e+01
1.750143795620424925e+01
4.637371891891891806e+01
1.509768627450978684e+01
1.443737106918237956e+01
1.699070886075942965e+01
2.340870085470090345e+01
1.300206666666661270e+01
1.499726250000004413e+01
2.504375000000002771e+01
1.617728333333338853e+01
2.920657894736847737e+01
1.810150000000011872e+01
2.295702564102566257e+01
1.911947402597406409e+01
2.236873033707859193e+01
1.498448387096775569e+01
1.444893181818183869e+01
1.798764150943389950e+01
1.923936428571444068e+01
1.744909411764708551e+01
1.878069014084507771e+01
2.634115625000000094e+01
1.524662790697674808e+01
1.651481944444433125e+01
1.639563043478256787e+01
4.554788636363636556e+01
2.476830232558130973e+01
2.496838596491205919e+01
2.266891139240502540e+01
1.279341530054662002e+01
1.979206976744186974e+01
1.606904166666668488e+01
2.178943783783790522e+01
1.813552835820887310e+01
1.574544444444442526e+01
1.366692307692308539e+01
2.093991071428576944e+01
1.352995121951224178e+01
1.159079999999999444e+01
2.308236363636359911e+01
3.516941025641025220e+01
2.423134047619056375e+01
1.280931168831166467e+01
1.807971794871791005e+01
1.665712903225806585e+01
1.308907783018868187e+01
2.462613953488371266e+01
1.563524347826080785e+01
1.522837068965518448e+01
1.646395238095239577e+01
1.751710714285712456e+01
1.994208771929815427e+01
1.415256097560971860e+01
1.537750000000000306e+01
1.833411023622049640e+01
1.372487142857142750e+01
1.569394736842099469e+01
1.775189189189192973e+01
1.077608045977012097e+01
1.755200000000002092e+01
2.101042201834843581e+01
2.287507228915664470e+01
1.303130927835056418e+01
2.128321428571411289e+01
1.821938461538463727e+01
1.635387351778662435e+01
1.544911842105273969e+01
1.865023214285702480e+01
2.658356000000003050e+01
5.123435714285714226e+01
1.635662962962964428e+01
1.758227906976746269e+01
1.492768243243262916e+01
1.618907142857149495e+01
1.827917419354837492e+01
3.734951162790697765e+01
1.838628571428573011e+01
1.394755263157900416e+01
1.490055303030301559e+01
1.460191891891889071e+01
1.617157837837831025e+01
1.270504864864864736e+01
3.846967272727273013e+01
1.352314634146340566e+01
1.735246153846154726e+01
1.345339506172843969e+01
1.100805263157890934e+01
1.604292688679223389e+01
1.886725000000001984e+01
2.776755405405399202e+01
1.643723214285718015e+01
1.533204285714280068e+01
1.914323529411764824e+01
2.054479545454542944e+01
1.906178378378397298e+01
1.459738797814206457e+01
1.624030882352940708e+01
1.575205714285713121e+01
1.468702272727271030e+01
1.576226666666668130e+01
3.794129999999999825e+01
1.557754934210526621e+01
2.541530624999977661e+01
2.636394999999996358e+01
1.484026190476194174e+01
1.667084000000000898e+01
1.825400000000003331e+01
1.303097560975611025e+01
1.457155440414503111e+01
2.692062745098037624e+01
2.422414743589742869e+01
1.314322816901401225e+01
1.554854761904761951e+01
1.147495268138797542e+01
1.544570312500000497e+01
3.313817297297296705e+01
1.751947368421054563e+01
1.671151879699263532e+01
1.701202222222221749e+01
1.671635164835162257e+01
1.038015384615382963e+01
2.239428260869562237e+01
1.593215404040402383e+01
1.710248148148145475e+01
1.564243421052631611e+01
1.287548076923078533e+01
1.684784482758618296e+01
1.913635593220338649e+01
1.445822222222215458e+01
1.573733962264155295e+01
1.784011627906980735e+01
1.861640000000000938e+01
2.834173684210526645e+01
1.664098378378375642e+01
2.224278761061943044e+01
2.121648275862083466e+01
1.549865116279064736e+01
1.814402083333328974e+01
1.270639837398353578e+01
2.008645454545451159e+01
1.748573684210528612e+01
3.573388648648649024e+01
1.513653999999998767e+01
1.821038709677425871e+01
1.618810510510517631e+01
1.355269461077852533e+01
2.532180645161282939e+01
1.490755813953488662e+01
1.158633333333331272e+01
1.665022857142855628e+01
1.608806953642375959e+01
2.693064999999999287e+01
1.644208333333333627e+01
1.789406818181819858e+01
2.164852500000010593e+01
1.616479729729730508e+01
1.286931159420284665e+01
3.125189189189206473e+01
1.966011627906979697e+01
2.063713043478259124e+01
2.779505494505504970e+01
1.870948484848479865e+01
2.564645454545454939e+01
1.512174242424245563e+01
1.364324183006542412e+01
1.740447457627123740e+01
2.213247272727278059e+01
1.756903225806454572e+01
1.370275404530729979e+01
2.902758426966302707e+01
2.352087581699345620e+01
2.133951612903218731e+01
1.611723333333330999e+01
2.384735416666656960e+01
1.992514062499995475e+01
1.419191351351346242e+01
1.462068181818182033e+01
1.635776973684194857e+01
1.961017543859655277e+01
1.432023913043484242e+01
1.699349264705878682e+01
4.045216176470588465e+01
2.170141333333321754e+01
1.505682857142859632e+01
1.376287499999995312e+01
1.681183050847456784e+01
1.249480508474574059e+01
1.504030769230774389e+01
1.511692105263159469e+01
1.330300724637678833e+01
1.649667741935487797e+01
1.428986842105263833e+01
1.615596721311472450e+01
1.466529197080279801e+01
1.976578906249998369e+01
1.687027567567580988e+01
1.354357297297299922e+01
1.831278947368424426e+01
2.308651485148521232e+01
2.917409523809527983e+01
1.710198591549303515e+01
1.674798051948061683e+01
2.567738064516129270e+01
1.866072549019611060e+01
1.432577428571435441e+01
2.068619047619046114e+01
1.776414492753622554e+01
1.643548648648649291e+01
1.445446376811590206e+01
1.546430188679243933e+01
1.475312565445032753e+01
4.303577477477477231e+01
1.871024522292976044e+01
1.154083720930234769e+01
1.482263636363633275e+01
1.783755555555560335e+01
2.323599999999999355e+01
3.140490697674418641e+01
2.275978896882495661e+01
1.376092207792213529e+01
1.647681481481486898e+01
1.411039686684099692e+01
1.481043661971833814e+01
1.736724210526312007e+01
1.499585365853654828e+01
2.297473913043481275e+01
1.521279487179485201e+01
1.335901621621622404e+01
1.481359810126598830e+01
1.596426277372263947e+01
2.441029629629628772e+01
1.694767724867733705e+01
1.580032608695649010e+01
2.009232075471699375e+01
2.299337209302325391e+01
2.218955140186915997e+01
1.653691044776129360e+01
1.322182513661201320e+01
2.765902970297039687e+01
1.804865104166667322e+01
1.502293016759783839e+01
1.401237931034482287e+01
3.429594666666666569e+01
1.463368571428578058e+01
1.253603333333331271e+01
1.372075862068965257e+01
1.666806976744182833e+01
1.602447777777775073e+01
1.558273584905658460e+01
1.314042222222223799e+01
2.111724999999998431e+01
1.495258992805747944e+01
1.636665079365079123e+01
1.658322535211276616e+01
1.842755813953482402e+01
3.174274264705882587e+01
1.603126666666666367e+01
1.557086046511621902e+01
1.590391351351363092e+01
1.655867153284671645e+01
1.417629133858259038e+01
1.432171052631578689e+01
1.922974418604651348e+01
1.244124458204360018e+01
2.057772826086949536e+01
2.756495454545457235e+01
1.615625405405404535e+01
1.263264556962025686e+01
1.524924752475234691e+01
2.906307236842105013e+01
1.804788732394366946e+01
1.298731782945734636e+01
1.570472093023255766e+01
1.119318681318677555e+01
1.420337735849057381e+01
1.670543636363639450e+01
2.019260439560426690e+01
1.801367857142855655e+01
1.318680794701985448e+01
1.464565000000002648e+01
1.255247500000001359e+01
4.952545454545454362e+01
1.523048000000000002e+01
2.050274509803920964e+01
1.373562935323389134e+01
1.562435714285719079e+01
1.641865263157878374e+01
2.227688695652165762e+01
1.871354081632656730e+01
1.692940789473676944e+01
2.038468292682929217e+01
1.757495180722899519e+01
2.624568965517238084e+01
1.854276190476192454e+01
3.782749253731343231e+01
2.068534782608696432e+01
1.526841847826091758e+01
1.656506486486496499e+01
3.428455135135153853e+01
1.476456666666665996e+01
2.805650000000007438e+01
2.449533548387110216e+01
1.897645348837208346e+01
2.022050000000000480e+01
2.818790697674421253e+01
1.716007096774181662e+01
2.865795454545451193e+01
1.834111111111108983e+01
2.797699999999990084e+01
1.444336601307194634e+01
1.563159259259260203e+01
1.165598657718122233e+01
2.739582162162186663e+01
1.430558571428583292e+01
1.286688571428570782e+01
1.263035897435896615e+01
1.471262500000000983e+01
1.935881395348840783e+01
1.756071052631574148e+01
2.581097674418598942e+01
1.985856944444445915e+01
2.166075000000000372e+01
2.103816379310347529e+01
