1.889963043478262961e+01
1.895848888888884431e+01
1.732653448275860697e+01
2.228141379310338266e+01
2.661536363636370339e+01
2.149048484848485074e+01
1.856083333333337038e+01
2.758916279069780941e+01
2.583329896907207157e+01
2.378613907284771400e+01
2.072892277992270138e+01
2.130894897959181833e+01
2.112624342105252850e+01
2.188930555555570479e+01
2.517899999999991323e+01
2.401989473684229637e+01
1.730466071428558905e+01
1.649974509803921663e+01
1.700298675496710388e+01
1.968810055865911579e+01
2.746872727272731396e+01
2.205598684210518101e+01
2.124709090909090392e+01
2.915089610389625818e+01
1.851802362204722030e+01
1.778185840707989840e+01
2.205971830985906124e+01
2.040490810810792865e+01
2.261224999999998175e+01
1.995557812500012318e+01
2.669342424242425338e+01
2.113197142857131894e+01
2.332400540540567846e+01
2.121195238095244306e+01
2.354776213592237610e+01
2.094653658536573460e+01
1.868116279069763763e+01
2.329009433962259479e+01
2.495000000000003837e+01
2.032051891891899231e+01
2.600878102189783192e+01
2.920066666666661703e+01
2.788172491909373463e+01
2.270333333333335801e+01
2.280627192982442253e+01
1.808538918918915783e+01
1.711151111111111334e+01
2.650418750000001111e+01
2.272165354330717335e+01
2.328459504132225888e+01
1.876286451612905282e+01
1.642329999999997625e+01
1.762308333333335497e+01
2.632349999999995660e+01
1.865487272727270351e+01
2.677034883720920533e+01
2.153361935483872003e+01
1.817538996139000318e+01
2.310852941176470665e+01
2.459915384615364076e+01
1.542697080291995526e+01
2.506111284046686194e+01
1.947895327102813567e+01
1.784807317073175525e+01
1.706792622950822391e+01
2.298764893617020988e+01
1.919029047619063633e+01
2.149542162162149239e+01
2.669986363636347804e+01
1.722102597402591684e+01
2.514265853658534411e+01
2.413802762430933768e+01
1.634644000000001540e+01
2.786301052631572972e+01
2.325290860215071831e+01
1.367140517241381126e+01
2.592941666666641609e+01
1.739503773584899093e+01
1.781155045871576448e+01
2.443574666666679107e+01
1.864501056338039930e+01
2.574537499999988910e+01
1.866067857142862962e+01
1.964948837209303889e+01
2.215076767676788094e+01
2.304371428571407776e+01
1.941507407407402752e+01
2.313454594594548297e+01
2.304702325581391520e+01
2.151764935064937845e+01
2.292829411764712688e+01
1.920594795539024702e+01
1.824221698113199963e+01
2.427633905579352458e+01
1.780252459016385203e+01
2.126817054263568352e+01
2.471162790697659872e+01
2.225853658536583168e+01
2.176053947368419017e+01
2.315635390946470551e+01
1.476041081081092265e+01
1.734611428571434999e+01
1.813338277511959973e+01
2.056066346153855307e+01
1.711959574468089684e+01
1.835591666666679700e+01
2.077234883720925396e+01
1.870507142857155358e+01
2.105843046357637860e+01
1.944384848484842720e+01
3.048097435897450325e+01
2.294768548387092011e+01
1.650576795580118983e+01
2.153687171052630589e+01
2.654488888888889520e+01
2.462590196078428662e+01
1.913038918918919862e+01
1.620317647058831412e+01
2.744840322580630243e+01
2.081271428571427151e+01
1.792410215053764588e+01
2.243707317073165086e+01
1.769342307692316041e+01
2.251569230769235475e+01
2.396314379084960322e+01
1.832205263157908348e+01
2.780171698113207412e+01
2.547289130434788618e+01
1.488401408450678787e+01
1.913561184210518817e+01
2.166319475655435767e+01
1.673941463414634967e+01
1.473846428571442679e+01
3.480773437499993861e+01
1.597462987012988300e+01
1.911523766816170777e+01
1.769964615384624551e+01
2.063667320261452431e+01
2.044605405405409826e+01
1.988327999999992457e+01
2.392045522388064427e+01
2.107384192439883819e+01
1.797234146341464367e+01
1.727622222222219861e+01
1.575624999999996056e+01
2.612696428571433316e+01
2.108625581395349613e+01
1.518040506329115580e+01
1.597985151515155522e+01
2.275378472222217141e+01
2.008154891304351608e+01
1.806014379084962940e+01
1.964862798634787922e+01
2.169311864406775214e+01
2.271152898550728949e+01
2.345454248366030114e+01
1.858839841688678973e+01
1.428311111111110598e+01
2.286555555555565533e+01
2.185870103092780070e+01
1.660099349240777045e+01
1.791548837209301581e+01
1.984254676259014261e+01
1.969052238805961252e+01
1.797257681940706675e+01
2.292185882352948312e+01
2.139536231884061124e+01
2.271193137254916650e+01
2.380750331125813091e+01
1.948163424124510712e+01
1.968277976190499956e+01
2.135218571428565681e+01
2.565025581395362053e+01
1.679571186440679753e+01
2.652834868421034287e+01
1.891580978260870793e+01
2.175563380281695913e+01
1.733237662337655394e+01
1.826191262135927573e+01
2.376928947368431011e+01
1.771741818181803296e+01
2.546901081081066565e+01
2.042990476190447069e+01
2.325775732217592662e+01
1.958969298245614254e+01
1.513129166666672809e+01
2.219569354838684916e+01
1.215171428571433410e+01
1.712823178807957447e+01
1.596393749999994682e+01
1.928536842105261329e+01
2.035173655913972013e+01
2.615661818181809650e+01
2.001210106383014420e+01
2.565981818181817076e+01
2.011196694214875080e+01
2.226625974025996157e+01
1.861655625000015846e+01
2.435940277777784857e+01
2.106580540540525348e+01
1.990862385321091210e+01
1.743340379403792539e+01
2.275275342465746320e+01
2.377806521739125500e+01
1.988774725274727473e+01
2.591491351351358574e+01
1.446988372093021624e+01
2.445887128712901415e+01
1.978131578947380120e+01
2.503364516129030903e+01
2.359395698924702245e+01
2.514640229885066702e+01
1.544151063829792392e+01
2.001803515624995811e+01
2.024851724137925757e+01
1.696384337349385873e+01
2.292824193548386802e+01
3.116895348837214996e+01
2.285101333333313178e+01
2.006192763157896763e+01
2.891046511627898496e+01
1.828962820512826681e+01
2.202509210526324424e+01
2.276622844827601355e+01
2.359081818181816459e+01
3.887262500000007037e+01
2.386528787878798852e+01
2.298429139072854710e+01
1.760884831460646538e+01
2.161850000000002225e+01
2.168235869565183194e+01
2.398590728476849065e+01
2.323795384615396031e+01
3.362026315789478303e+01
2.277644324324320024e+01
1.924031250000014737e+01
2.015475268817205645e+01
1.826780412371136109e+01
1.927873408239725350e+01
2.707959722222226517e+01
2.092410857142862923e+01
2.686724999999994168e+01
1.986037837837833919e+01
3.003650000000019915e+01
2.007895348837218918e+01
1.667708974358959040e+01
2.732348684210504075e+01
1.776354605263166420e+01
1.678431372549016487e+01
2.153144324324333780e+01
2.173419696969697412e+01
1.911770149253728945e+01
2.083598701298712186e+01
2.504059210526303758e+01
1.844900555555565091e+01
1.697279545454550487e+01
1.891921854304645834e+01
1.502877064220179726e+01
1.865345704467342713e+01
1.504009433962263564e+01
2.431052941176465865e+01
1.612991351351340796e+01
2.118136842105250750e+01
2.633637719298217306e+01
1.869353896103888246e+01
2.222931249999972181e+01
1.586145762711866247e+01
2.261831818181799747e+01
2.614142071197395012e+01
2.066153153153171829e+01
1.752769333333334245e+01
3.077561224489792480e+01
2.822408648648634610e+01
3.215574999999987682e+01
2.317122857142853931e+01
2.087185465116258953e+01
2.703758666666671218e+01
2.212442168674668252e+01
2.495504651162785947e+01
1.397321538461540236e+01
2.208876530612252509e+01
2.316989473684219902e+01
1.589500621118018486e+01
1.898451973684213456e+01
1.844121014492755961e+01
2.905088571428572308e+01
1.429806976744183267e+01
2.426536781609188154e+01
2.062618987341783594e+01
1.859060869565224650e+01
1.822454310344819817e+01
1.768876023391830188e+01
1.967200000000013915e+01
2.408228750000001028e+01
2.128782795698940689e+01
1.975539330543956140e+01
2.176961081081065785e+01
1.893724545454540831e+01
1.842887499999999434e+01
2.510497826086947271e+01
2.086035675675648804e+01
2.320893548387092409e+01
1.771216184971103402e+01
2.470299401197620881e+01
2.105859090909081388e+01
2.162201126760571412e+01
1.429053061224487209e+01
2.318492810457521358e+01
1.480235135135132474e+01
2.174301081081094722e+01
2.273590697674411487e+01
4.123148571428562548e+01
1.639696721311477390e+01
1.682362666666662321e+01
1.539654054054048160e+01
1.501574647887318648e+01
1.783660759493669445e+01
2.270127631578930405e+01
2.244657692307693964e+01
2.058351351351370084e+01
1.730755999999997030e+01
1.732974390243897744e+01
1.667307792207796879e+01
2.656354117647065038e+01
2.148685074626865088e+01
1.869168108108112492e+01
2.040187931034486013e+01
2.827956250000012872e+01
3.090479166666666089e+01
4.755720224719137690e+01
2.137748837209306174e+01
2.689946575342477431e+01
2.385787058823536100e+01
2.031358282208588406e+01
1.939688888888889906e+01
2.690944094488188654e+01
2.161225369458146872e+01
1.908239743589751214e+01
1.957830270270278206e+01
1.337895348837198561e+01
2.434630357142848922e+01
2.221329729729751534e+01
2.517711842105251918e+01
2.218982456140347637e+01
1.798437297297307680e+01
1.309344444444443134e+01
1.920992810457500966e+01
1.829631879194653266e+01
2.012568852459029145e+01
1.929206896551727013e+01
2.369413076923058270e+01
1.968014935064939408e+01
2.108495675675679237e+01
2.009959999999989577e+01
2.297353043478253554e+01
1.988644915254230838e+01
2.186090551181100494e+01
2.198995454545463701e+01
2.088124324324329706e+01
1.913005128205119121e+01
2.092390789473683554e+01
1.904779381443300679e+01
