1.642837888198772589e+01
1.895038095238099274e+01
1.201782456140349353e+01
1.721319999999998629e+01
1.585588636363631210e+01
1.977460106382981309e+01
1.855623255813948802e+01
2.102216867469873662e+01
1.628285555555563491e+01
1.918534210526317452e+01
1.199030434782607735e+01
1.695167415730338334e+01
2.401767549668899804e+01
1.897965591397838026e+01
1.856211818181822082e+01
2.017628571428570794e+01
2.052681818181817164e+01
1.972092465753420854e+01
2.231159999999996302e+01
1.946213368983962155e+01
2.201971311475399773e+01
2.176227433628335817e+01
2.186274285714285881e+01
2.470687499999994685e+01
1.711652432432441273e+01
2.217373809523803629e+01
2.220913186813207219e+01
1.350514117647057155e+01
1.830814634146331343e+01
2.046590322580640731e+01
2.300002777777777752e+01
2.470473655913999522e+01
2.095613953488367898e+01
1.988074193548385438e+01
1.773445744680851277e+01
1.774676000000006582e+01
2.219367857142869838e+01
1.593467187500005267e+01
2.180316666666661618e+01
1.989891379310344277e+01
1.693513084112153777e+01
1.648006779661016452e+01
2.461046428571427214e+01
2.017204929577456696e+01
1.853699342105260683e+01
1.532964150943396220e+01
1.914375757575765036e+01
1.727790163934431789e+01
2.126339393939386468e+01
2.429769767441850448e+01
2.612475555555551665e+01
1.744859999999997058e+01
2.067229999999983647e+01
2.041656756756752245e+01
3.129007407407418029e+01
2.067210526315801999e+01
1.436009090909091590e+01
2.102343678160914564e+01
2.366751785714295409e+01
2.408207936507925240e+01
2.277989729729738144e+01
2.390278313253001130e+01
1.848913924050628310e+01
1.844801886792468437e+01
1.836173643410840839e+01
2.709271874999998175e+01
2.067643661971824187e+01
1.989440909090903631e+01
1.943220000000010117e+01
2.409367441860465320e+01
2.240409090909090040e+01
2.195711258278175393e+01
2.929298648648625658e+01
1.825878048780491980e+01
2.268703783783799821e+01
2.237329545454552004e+01
1.731829729729728840e+01
1.711895348837211017e+01
2.254751282051280370e+01
2.371740816326536816e+01
1.646761363636370135e+01
1.874661038961038173e+01
1.247847222222224062e+01
2.517735294117659706e+01
2.395906382978726867e+01
1.984769736842118704e+01
2.034139285714296719e+01
1.791204761904766229e+01
1.648752238805971260e+01
1.651916304347825459e+01
1.793751162790696441e+01
2.143072049689445890e+01
1.537929729729732031e+01
2.327892079207924070e+01
2.386113043478262696e+01
1.850845945945946980e+01
1.933842857142853688e+01
1.974915979381414033e+01
1.879754761904753835e+01
1.939876666666656746e+01
2.218923958333332891e+01
1.944204166666665046e+01
2.074477611940294253e+01
1.948271621621615424e+01
2.421110810810810321e+01
2.335700000000001708e+01
1.732583333333333186e+01
1.913442682926833882e+01
2.129385945945945835e+01
1.887574999999987924e+01
1.538297468354433661e+01
2.204879470198687486e+01
2.407203225806460622e+01
1.998532432432429573e+01
1.950708108108101868e+01
2.524025581395346052e+01
1.871879629629619757e+01
2.248321666666672058e+01
1.592766666666668129e+01
1.681434210526312967e+01
1.975942592592588909e+01
2.468957575757568534e+01
1.657721568627446018e+01
2.059276811594198264e+01
2.280862295081976043e+01
1.703515000000001223e+01
1.807892727272722411e+01
1.861700000000000088e+01
3.318390909090912544e+01
2.102555813953490826e+01
2.165466250000003257e+01
2.092131168831164700e+01
2.271342222222217799e+01
1.906313548387094770e+01
2.130600000000012528e+01
2.228732222222216919e+01
2.022266666666662260e+01
2.093599999999999284e+01
2.139936764705888095e+01
2.551787634408621841e+01
2.534130232558143447e+01
2.541700000000010817e+01
2.456036619718309311e+01
2.149802380952377945e+01
1.914613008130097072e+01
1.882655319148938489e+01
3.205273529411764599e+01
2.461209615384607829e+01
3.183727027027025258e+01
2.248813725490193960e+01
2.067022666666671782e+01
1.720355102040804951e+01
1.711568354430374939e+01
1.968000813008123728e+01
1.734381818181819312e+01
1.809703125000011070e+01
1.500690000000000168e+01
1.786526530612242780e+01
1.988357575757572704e+01
2.036028571428581913e+01
2.019892105263150839e+01
2.929339534883723317e+01
2.226299999999978141e+01
2.078650793650790263e+01
2.161291351351364298e+01
1.887438636363641464e+01
2.017488888888884091e+01
1.719550877192984117e+01
2.234966336633657491e+01
1.981448453608236093e+01
1.835595833333343307e+01
2.201233333333331643e+01
1.878930357142858654e+01
1.752377297297291747e+01
2.235993023255802470e+01
2.031272093023253689e+01
1.985967256637168532e+01
1.962550666666663801e+01
1.700512666666675088e+01
1.927213167259787241e+01
1.348956818181816786e+01
1.854873170731707432e+01
1.958762903225813190e+01
1.689837837837847090e+01
1.328976190476191910e+01
1.583590000000004139e+01
1.801387053571435359e+01
1.970865740740740435e+01
1.804184967320271937e+01
1.967208823529407979e+01
2.077777272727266222e+01
1.711026486486501597e+01
2.103090697674437592e+01
1.527763043478259242e+01
2.019780540540535441e+01
2.778060465116288924e+01
1.725955555555559329e+01
2.441034394904465898e+01
9.008090909090922693e+00
1.233007142857157312e+01
1.836440425531911913e+01
1.939992070484597519e+01
1.668017441860466121e+01
2.020481081081086572e+01
2.219653684210532774e+01
2.631888235294131206e+01
1.635391666666662402e+01
2.839586206896553833e+01
2.662771428571421950e+01
1.287745833333329237e+01
1.823469469026550627e+01
1.860941860465115383e+01
2.982608955223899017e+01
1.496502325581396242e+01
1.812304878048786350e+01
1.779143307086601666e+01
2.183436666666663584e+01
2.203811214953263331e+01
2.068914814814812075e+01
2.060867948717953269e+01
1.918450000000014555e+01
1.961413953488369444e+01
1.727635960591134534e+01
1.982240201005016189e+01
2.131700000000019557e+01
2.573331351351346541e+01
2.783888636363646896e+01
2.340673015873018059e+01
2.303986713286717958e+01
1.965204878048776038e+01
1.977893023255817795e+01
2.269207741935485956e+01
1.676906250000002530e+01
2.827403846153848477e+01
3.144883098591533610e+01
2.520895121951225448e+01
2.023571428571438702e+01
2.154674561403506416e+01
2.136760176991145954e+01
2.170287499999990999e+01
2.559775609756096770e+01
2.828026760563370345e+01
2.903660975609748007e+01
2.309524999999981176e+01
2.412006976744185494e+01
2.417658928571423260e+01
2.399330000000005114e+01
1.448613333333335795e+01
5.643515384615373165e+01
2.282649074074059570e+01
1.666212903225814301e+01
2.327501428571426700e+01
1.687968644067796120e+01
2.403364864864871819e+01
2.416116279069771622e+01
2.300564999999993177e+01
2.276818644067797592e+01
1.845129577464796000e+01
1.786111666666670317e+01
2.690128648648659393e+01
1.900203947368420643e+01
2.235950000000011428e+01
1.989832608695654059e+01
1.786090625000000642e+01
1.694671212121208015e+01
2.323854838709674553e+01
2.187709708737872916e+01
1.994431632653054365e+01
1.774946808510636487e+01
2.002115294117644950e+01
2.656517073170736154e+01
2.028584848484850767e+01
2.282169135802473647e+01
1.403908888888887851e+01
2.383373972602734270e+01
2.156102162162172675e+01
2.264223255813958602e+01
1.939907692307692955e+01
2.058872108843534932e+01
2.541371794871795942e+01
2.866958823529406786e+01
1.710782500000002315e+01
1.365886666666667182e+01
2.103278947368417917e+01
1.762513953488364749e+01
2.159397916666670625e+01
1.882614754098357324e+01
1.791988235294116549e+01
2.295002747252752329e+01
2.290325581395341814e+01
1.922999130434788384e+01
2.025774358974359757e+01
2.479789361702132666e+01
1.824669565217385170e+01
1.860876344086028666e+01
1.663136000000001147e+01
2.145096470588229565e+01
1.926032721712530460e+01
3.549235443037960636e+01
2.499833962264141363e+01
2.073469354838715617e+01
1.871808888888888234e+01
2.263430107526901480e+01
2.107113953488368452e+01
2.292714606741578365e+01
2.699506493506492788e+01
2.250738095238093450e+01
2.324712345678997139e+01
1.822257812500003382e+01
2.497623655914001262e+01
2.623669767441854006e+01
2.065168888888882037e+01
2.553350675675669024e+01
1.926138235294118317e+01
2.400968181818188540e+01
2.296545945945929290e+01
2.058054411764708291e+01
2.169007894736834885e+01
2.179295327102812863e+01
2.084802898550736927e+01
2.465397619047616118e+01
2.169856249999995867e+01
2.479985507246370702e+01
1.993404247104283300e+01
2.450841975308653531e+01
2.080589552238810569e+01
1.830660752688175208e+01
2.162028571428569634e+01
1.469580303030305934e+01
1.917449397590362636e+01
1.923810843373496837e+01
1.601686206896557962e+01
1.859368518518513724e+01
1.906351785714278435e+01
1.283972180451132594e+01
1.597955882352950319e+01
1.918913999999996634e+01
1.632573684210531439e+01
1.678016576086951162e+01
2.984876190476204272e+01
1.832243333333319413e+01
2.217730508474584283e+01
2.642421505376335489e+01
2.662743333333340701e+01
2.636460869565234333e+01
1.778182539682542185e+01
1.881523243243223220e+01
1.823309302325577974e+01
2.349489655172413549e+01
1.918478000000008521e+01
1.412126785714289845e+01
1.800876119402984799e+01
1.293999999999999240e+01
1.731832000000004257e+01
1.632596581196589369e+01
2.196392452830183473e+01
2.083099999999992136e+01
1.641027906976740525e+01
1.948376190476188086e+01
1.960774117647049763e+01
1.948402500000002036e+01
2.003393167701870325e+01
