2.423048482800131964e+01
2.496156276713809063e+01
2.346449004934599003e+01
2.710159044194196198e+01
3.441718439701569565e+01
2.908959874511023003e+01
2.191294775799099526e+01
3.319734818493228801e+01
3.004926869446514459e+01
2.921805580628758037e+01
2.613849762382847430e+01
3.001938760099512393e+01
2.707684866483586461e+01
2.899754995716903849e+01
3.074822695623898383e+01
3.238233443033257686e+01
2.309173840101587416e+01
2.081820926638079783e+01
2.193320369450465890e+01
2.460231008820070642e+01
3.410069632720131949e+01
2.820423334452888042e+01
2.719709306467940024e+01
3.848201778230190939e+01
2.368812543977230689e+01
2.332363576903768632e+01
2.868696505776365768e+01
2.660368861439883048e+01
2.783447402813774119e+01
2.449303995207111484e+01
3.384304465940057582e+01
2.952090234941697489e+01
3.172755139400864621e+01
2.844891422873016751e+01
2.971931149893743296e+01
2.982049801239604747e+01
2.333294095240401234e+01
2.723699693570260649e+01
3.119095702826359329e+01
2.747668007798791834e+01
3.179855150835008715e+01
3.965753658932101899e+01
3.458507021785704438e+01
2.985823845791177789e+01
2.886812679494671485e+01
2.318374884336934372e+01
2.425412252701704574e+01
3.068074061504217553e+01
2.733244242898650356e+01
3.044524980793833180e+01
2.398696594187714481e+01
2.199616971202030058e+01
2.385173363988889506e+01
3.014340694450812208e+01
2.307627176442188954e+01
3.134415462362600024e+01
2.741452448211787285e+01
2.385395235457561824e+01
3.147565274751823594e+01
2.989651259385827586e+01
2.342327394103535454e+01
3.197330600739946149e+01
2.493620551368154636e+01
2.184162568773042068e+01
2.224893870557848885e+01
2.915992725197418167e+01
2.366120494758089166e+01
2.902810961716155091e+01
3.308254174306780726e+01
2.225854823680976224e+01
3.381121507183888752e+01
3.351913380106186224e+01
2.445375670389583789e+01
3.467579909601739985e+01
3.077538479184332587e+01
2.458111306961868081e+01
3.001843231170447268e+01
2.245812955719037873e+01
2.208741286904630030e+01
2.970748334679326419e+01
2.425361410777228599e+01
3.124616284041935543e+01
2.651079291668640536e+01
2.274251735876995184e+01
2.885463069816131210e+01
2.924699740062867548e+01
2.564333362460335053e+01
2.952985859238891564e+01
3.101529367683731664e+01
2.761478104345432527e+01
2.813957554691945617e+01
2.436853490889314955e+01
2.293425550905717003e+01
3.014196476105439970e+01
2.474859716507876328e+01
2.834817495321867753e+01
3.237649818542516300e+01
3.007667468727064630e+01
2.907454170566990115e+01
3.091140901419427323e+01
2.018437211631140471e+01
2.062088936699176500e+01
2.351958003909316375e+01
2.607115173129399111e+01
2.210669854678207713e+01
2.338105830581675448e+01
2.569711721683611572e+01
2.283121575199807651e+01
2.608595056768800902e+01
2.268239098748392379e+01
3.418863790118665946e+01
2.764338766673770920e+01
2.220263271433169905e+01
2.780638431815048150e+01
3.279232781770312499e+01
3.408060982550682638e+01
2.489824896263594312e+01
1.947823250627805436e+01
3.437510821331936484e+01
2.815479915954447065e+01
2.359332817688851591e+01
2.790734124064765354e+01
2.333097835277037291e+01
2.751769195584749994e+01
2.947559248075441118e+01
2.626140460627993178e+01
3.644687122477688490e+01
3.163134003470779732e+01
2.066657062865770200e+01
2.479213682511581496e+01
2.967860134491273527e+01
2.101388189257573558e+01
1.918205415039203388e+01
4.190265839754389532e+01
2.086122577520688992e+01
2.530502939871744061e+01
2.136809982193077673e+01
2.540491388446585219e+01
2.659708438196989988e+01
2.483760353174191593e+01
2.951941099931146795e+01
2.811041264316611787e+01
2.143017091312740874e+01
2.211004842784118551e+01
2.030666206106995020e+01
3.215265481707093898e+01
2.618536068466593392e+01
2.113848519775475410e+01
2.037134663955967540e+01
2.797033225257499467e+01
2.588046355151523770e+01
2.295561031572289323e+01
2.511024382427769197e+01
2.953973333365973986e+01
2.842342229570523315e+01
3.264391362963128529e+01
2.444818364653679410e+01
1.985760992667545821e+01
2.825348489813056574e+01
2.707320173464808022e+01
2.223880119254549470e+01
2.470295184319966353e+01
2.558943660207272686e+01
2.571609928697029446e+01
2.380862627539215026e+01
2.738953550708950146e+01
2.723508569389168343e+01
2.873437880644297238e+01
2.913889057440728791e+01
2.650280698297170900e+01
2.434013884732664934e+01
2.709029422136271847e+01
2.961079944021051702e+01
2.219701626383481852e+01
3.179136453111135197e+01
2.455596983888561269e+01
2.679173121072248875e+01
2.435564259004524956e+01
2.435726286095516713e+01
3.087948748978168467e+01
2.447353337048762256e+01
3.310120251020516946e+01
2.755374008740414027e+01
3.110265661809177473e+01
2.369389997557669503e+01
1.954603679990741227e+01
2.712084509479582550e+01
1.602606751514550965e+01
2.219585375784708248e+01
2.122122096437315619e+01
2.602251076118119144e+01
2.702889657683586222e+01
3.381046863163698646e+01
2.552166275618464297e+01
3.021996637785665385e+01
2.810810227298226849e+01
2.853863900458049940e+01
2.500240194336349120e+01
3.166990766090104259e+01
2.777553512462834817e+01
2.733006096731333301e+01
2.328971078280880391e+01
2.761250820646422710e+01
3.117547000796276890e+01
2.783007812532228442e+01
3.341900789848349973e+01
1.927353086127359560e+01
3.119461927770858978e+01
2.585470799028979982e+01
2.937906103706096772e+01
3.044968326194357289e+01
3.072594699119539996e+01
2.333153672515909349e+01
2.701973197599647136e+01
2.576834917035851902e+01
2.138459845788131020e+01
2.803863821893000008e+01
3.357274830974918700e+01
2.796500425412682134e+01
2.509574436690315835e+01
4.148164808571337403e+01
2.409161451891931449e+01
3.045510864370710991e+01
2.920861662028325867e+01
3.296641607550994024e+01
4.026294701707754342e+01
3.296395004509862758e+01
2.953386709013917510e+01
2.532778412328056561e+01
2.719813209184994207e+01
2.885013695054519545e+01
3.147918263031687403e+01
3.089428087726074423e+01
4.081307522041646507e+01
3.057356215973413427e+01
2.659271872148474714e+01
2.610534726256146243e+01
2.301595921211212215e+01
2.589222577494103916e+01
3.772425287714636966e+01
2.846857067313766620e+01
3.643756833041047827e+01
2.604840131785857693e+01
3.908429270689001811e+01
2.939401731961875441e+01
2.367285487262818222e+01
3.227886312849984307e+01
2.303337603377246978e+01
2.175704473696448105e+01
2.782198415311556161e+01
2.739854944457215069e+01
2.315837204599874610e+01
2.638510175109400890e+01
3.132764443410114197e+01
2.262855111358222260e+01
1.993227902286777109e+01
2.490539668372124282e+01
2.080543169198632469e+01
2.537946379812639108e+01
2.062273813326462957e+01
3.225470551170877798e+01
2.200876800216166629e+01
2.805796426322633508e+01
3.479769907824874764e+01
2.567642505181666834e+01
3.058696094743622851e+01
2.051832056926324199e+01
2.951291241619030359e+01
3.568692591408542825e+01
2.515376573458993192e+01
2.244324414458245798e+01
3.868402410055393403e+01
3.636575982238601767e+01
3.938578996239046148e+01
3.056668961935053019e+01
2.635450621523460768e+01
3.127891235747608079e+01
2.757868313123404391e+01
3.019046108015837859e+01
1.826593918493363944e+01
2.798430154860514563e+01
2.905298538197516223e+01
2.128467522371151333e+01
2.555458023499594589e+01
2.585439729790057584e+01
3.735296287731788567e+01
1.891881767164700889e+01
3.106087012976933082e+01
2.937082469114516314e+01
2.548021266946488339e+01
2.618025598021642963e+01
2.571072544075831345e+01
2.398325977843713730e+01
2.972336140773785118e+01
2.697602724483313352e+01
2.468771910998568941e+01
2.750658377405150645e+01
2.586057849138513731e+01
2.122211429567216001e+01
2.992605182852351930e+01
2.792972004194852076e+01
2.822416686961493681e+01
2.281751226858813908e+01
3.041875567222802346e+01
2.586982641546390838e+01
2.724175734543583260e+01
1.843786892816639877e+01
2.834484330226699456e+01
2.034993425183611748e+01
3.069961856000396239e+01
3.385866916573102259e+01
4.923303385503910334e+01
2.193384655627225399e+01
2.521440437527714451e+01
2.353599400573163081e+01
2.430329338373244141e+01
2.816011854027836847e+01
2.990327717694272991e+01
3.031480516056597807e+01
2.792040523402972951e+01
2.388090603250499555e+01
2.317124905051459649e+01
2.158412084675380527e+01
3.582619525857978005e+01
2.705925524617432032e+01
2.362121971013755584e+01
2.400487668485661530e+01
3.871933220881309268e+01
3.659298062527381745e+01
5.618859401729539371e+01
2.979478495026531348e+01
3.778411762625309933e+01
3.390371084496240428e+01
2.995952901965837967e+01
2.489300151537462469e+01
3.194261343397142028e+01
2.731034678834198459e+01
2.546548084650255817e+01
2.862303324625492351e+01
2.253137801192545453e+01
3.105068374851033397e+01
2.924655543897519294e+01
3.233703085025782542e+01
2.886313825929952159e+01
2.437299546962090702e+01
1.775136762597723461e+01
2.609675468141506727e+01
2.361888083389289150e+01
2.688498868129649821e+01
2.640960475098881943e+01
3.034274757727876803e+01
2.861347849569125756e+01
2.672930572601146082e+01
2.705585111966583511e+01
3.025381901584467315e+01
2.547490065016138772e+01
2.779311279186669736e+01
2.745401804505449306e+01
2.700756638525695053e+01
2.517783731708910011e+01
2.574465978606053085e+01
2.449759586352868013e+01
