2.389896526264258370e+01
2.255561944368569627e+01
2.474113705063168211e+01
2.654795398980449050e+01
1.671607816574341498e+01
2.552948986930633879e+01
3.064213130864701995e+01
1.881760403697310480e+01
1.837660868241655976e+01
2.050031249979586079e+01
2.105862762477707406e+01
2.099865220405330035e+01
1.598451603917161279e+01
3.538204755257029888e+01
2.135705016601029627e+01
3.441330817376274354e+01
1.947234345268882194e+01
2.465021648160850276e+01
2.021606274811477988e+01
3.121567082389347902e+01
2.168489332929036806e+01
1.988447882252587462e+01
1.841031817262780024e+01
2.213080917860887098e+01
1.763025203349925718e+01
2.670578500037936820e+01
2.449579555760539407e+01
1.526315476952647110e+01
2.008770958967550513e+01
2.222726768119346374e+01
2.362642447821930602e+01
1.639601675360862743e+01
2.316214455914022707e+01
2.484530705047596300e+01
2.104519682120469071e+01
2.305419072849849016e+01
4.921899350146544094e+01
2.242761255028901601e+01
2.000930375424298546e+01
2.195927379998676443e+01
2.693432138959419220e+01
1.801062741563328728e+01
1.936234238799640650e+01
3.057663684634616175e+01
2.302406975681464019e+01
3.551974562053295870e+01
2.239045354609861604e+01
2.707530228540679218e+01
2.319198974595805396e+01
2.685627139739965230e+01
2.106970784585486811e+01
2.137024316554551717e+01
2.393806877741919692e+01
2.776999431683666941e+01
2.223422441139940631e+01
2.942750945657653361e+01
3.004406795650349693e+01
2.057353021114357006e+01
2.231398107129253461e+01
2.196218301595010658e+01
4.950234555737554132e+01
3.013210166799245115e+01
3.540464446685713540e+01
2.569840800861434005e+01
1.649925818004557598e+01
2.601723418526964338e+01
2.105131125831459826e+01
2.730760507475743637e+01
2.125695531756928958e+01
2.020624012526823066e+01
1.820507072219166744e+01
2.415905636535263312e+01
1.756994459782758611e+01
2.070704753108335794e+01
2.915450920994427264e+01
4.155558449002603538e+01
2.725564123740077704e+01
1.823430621786185668e+01
2.323237673416019433e+01
2.317506364260322371e+01
1.654349300699946212e+01
2.980007685334244627e+01
2.067067561420830657e+01
1.959934191585217178e+01
2.149550320637411360e+01
2.209883467354266173e+01
2.619797414492667897e+01
1.829584791183532033e+01
2.267058097329369915e+01
2.330175874317073692e+01
1.674069353828739537e+01
1.882307269787467519e+01
2.114466311811042232e+01
1.577430684489123003e+01
2.338406984919145870e+01
2.366012985144326564e+01
2.838328377251026069e+01
1.904634713198733209e+01
2.450430112877171140e+01
2.184009763291787465e+01
2.019430133290362761e+01
2.053020787509800726e+01
2.396490163462268086e+01
3.187377116690145584e+01
5.478923305984228165e+01
2.226291769005299770e+01
2.281167573343622124e+01
1.891308845032269659e+01
2.082368798037219193e+01
2.296762678767801802e+01
4.124048739082211767e+01
2.583270833652561649e+01
1.843792628766786379e+01
2.272546270656049927e+01
1.930569517567853310e+01
2.064381769113619214e+01
1.747580516801067674e+01
4.326011993426824631e+01
2.008847419207980423e+01
2.199458247981847592e+01
1.933348379571071618e+01
1.401079872374138624e+01
2.168369543378385345e+01
2.642152389624792619e+01
3.216132397141935684e+01
2.067102451414266540e+01
1.965119076362985950e+01
2.520439795889972245e+01
2.591618843415337636e+01
2.630352776668888737e+01
1.903547514194960044e+01
2.012401777288840776e+01
2.159238945290017497e+01
1.945000117433977138e+01
2.117231525680015736e+01
4.802537555590496510e+01
1.911168905976402854e+01
3.030796786840889112e+01
3.165413007018201696e+01
1.841807317619869266e+01
2.826567077569540487e+01
2.923723128706499708e+01
1.954851313664700641e+01
1.877273944084846846e+01
3.712727992339055305e+01
2.685164769451318989e+01
1.660433789918838343e+01
2.070773113620914430e+01
1.593287971935444958e+01
2.057031168106719932e+01
3.698575112340105164e+01
2.094263593724530637e+01
2.203885506625926993e+01
2.213289057288068662e+01
2.170607375372612680e+01
1.467394205333438073e+01
2.915159096262449978e+01
2.152055301909016194e+01
2.480949018688884777e+01
2.046071661360140581e+01
1.954713595487740108e+01
2.388394109525015807e+01
2.394080561987865607e+01
1.915420134120983064e+01
2.394332191529871068e+01
2.200439239978510741e+01
2.636122139110344875e+01
3.293630571588936107e+01
1.947010915445737211e+01
2.886577178897965013e+01
2.493875900460273698e+01
2.319581760616781807e+01
2.741314491945427889e+01
1.716099641218655947e+01
2.485810557398271925e+01
2.332094465225805635e+01
4.052010235906603697e+01
1.965368651932759647e+01
2.547384628007871754e+01
1.990779568810082623e+01
1.783458676364399764e+01
3.093536149728566542e+01
2.029055299142125435e+01
2.095907137805259524e+01
2.335969095930607509e+01
2.022579250405822648e+01
3.048737746182836972e+01
2.223813822393114847e+01
2.305732520657622686e+01
2.696471481862917230e+01
1.990260177545719245e+01
1.784977250900385570e+01
3.565308189551981144e+01
2.608750357974589917e+01
2.802992062840674947e+01
3.106338769266890054e+01
2.674972041201949935e+01
3.331377771215007755e+01
2.165703512613271897e+01
1.758809040008522473e+01
2.184661619844204594e+01
2.854323609098058512e+01
2.210676148208522207e+01
1.845876671505379107e+01
3.568922369850950105e+01
2.730956503172875216e+01
2.600141342311988168e+01
2.202092012155711132e+01
2.751205928391523159e+01
2.503240562563354743e+01
1.774635185349674060e+01
1.870253095067721816e+01
2.168955105726699273e+01
2.772558448595304981e+01
1.890765610976728084e+01
2.289028712107590025e+01
4.450990309173110404e+01
2.586975200499614047e+01
2.025041869761143687e+01
1.978630467014997762e+01
2.628626800106335537e+01
1.890602981788025616e+01
2.143642407033126673e+01
1.959192681478239706e+01
1.652388159735717466e+01
2.095773898257274226e+01
1.863036376315203668e+01
2.113235913529180365e+01
2.217167066161248457e+01
2.567540989966134291e+01
2.127369514021760466e+01
1.933544167892005206e+01
3.149953015801091993e+01
2.779646926079530544e+01
3.669320095318036579e+01
2.671310629687546623e+01
2.716724077806771476e+01
3.097316511371239045e+01
2.447196991597991911e+01
1.840354225297782165e+01
2.595438489423499462e+01
2.519849067253654695e+01
2.317724809936372310e+01
2.108152252291229800e+01
1.979981715181439839e+01
1.995641486179637880e+01
4.815699423535259882e+01
2.582436163373277083e+01
1.525795725301668071e+01
1.837029652851183315e+01
2.677101077243398919e+01
3.133641491938731960e+01
3.673673727141316192e+01
2.923686339044034099e+01
2.114405212795344724e+01
2.362011173806167008e+01
1.955939479913989487e+01
1.909570308203347366e+01
2.438083178063842027e+01
1.791091505336286005e+01
3.080124617044209856e+01
1.996562610832517493e+01
1.857593148368297520e+01
1.966199982183071882e+01
2.066350274501957074e+01
2.846320642513768107e+01
2.080719348163062321e+01
1.947332121468833321e+01
2.465685556242758025e+01
2.898086909076075557e+01
3.184164170026765817e+01
2.166122258508498888e+01
1.766380429848229028e+01
3.070688709797078175e+01
2.203987503863737629e+01
1.876335907036237316e+01
2.007811762196295646e+01
3.819237378674788630e+01
2.229124348472374706e+01
1.752604330703310254e+01
1.921940370096554673e+01
2.549779766595448294e+01
2.040435141227369087e+01
2.374227113566112735e+01
2.309124596513199990e+01
3.011302664873409185e+01
1.971096762222283516e+01
1.882173667830102204e+01
2.281243323277896806e+01
2.645299967603796176e+01
3.889451587778985697e+01
2.225300077143153032e+01
2.345561225547244533e+01
2.100714588329793386e+01
2.204580759257320821e+01
1.970085705198313875e+01
1.845426084732339689e+01
2.311596790804101786e+01
1.765067465887099374e+01
2.419334112034174211e+01
3.064668932883587260e+01
2.146938600942333153e+01
1.770116538035803444e+01
1.981911077922536890e+01
3.297348413278862722e+01
2.511682618776662679e+01
1.728935393182308644e+01
2.091428669927654127e+01
1.437440414436352576e+01
2.124167477762737377e+01
2.293023760333623429e+01
2.377932847091081925e+01
2.421734958070934240e+01
1.637592269075273421e+01
2.174185648697005036e+01
2.056410733535494728e+01
5.210456719019861538e+01
2.515339662153006017e+01
2.659905276214055192e+01
1.815195080795246696e+01
2.093761130460819331e+01
1.995383172278076955e+01
2.879647980298080867e+01
2.366585055625548861e+01
2.320171450391231005e+01
2.659155075785010069e+01
2.353638081369418700e+01
3.637498726152163897e+01
2.719759166508962522e+01
4.205514674521055696e+01
2.632490015671223205e+01
2.010113865069206796e+01
2.240410180711963761e+01
4.399888647485312276e+01
1.989180642877864713e+01
3.345250207383596575e+01
3.081512067988910886e+01
2.208102949076637245e+01
2.621046939277259824e+01
3.185378879293823573e+01
2.124316123884003815e+01
3.420118767873952947e+01
2.394444646133776189e+01
3.855494622510906311e+01
1.960181068233598722e+01
2.379788839838994008e+01
1.530216408786065685e+01
2.888343152575013306e+01
2.156095996073852561e+01
1.809886927801998269e+01
1.755449065687240662e+01
2.277277640993007068e+01
2.539555061285797777e+01
2.469299521918585683e+01
3.977718775939947449e+01
2.529700171353211857e+01
3.046816209860170233e+01
2.683688777789712887e+01
