2.216223894585500176e+01
2.536942231449955187e+01
1.653286675558400631e+01
2.454058734830941191e+01
2.156549108898501288e+01
2.626248140854257684e+01
2.317793776568069575e+01
2.702453107826292822e+01
2.164254423069932898e+01
2.522913017150071013e+01
1.536172223417670146e+01
2.266365352549313172e+01
3.230357125706480304e+01
2.687405955343771424e+01
2.748792656455158578e+01
2.692486602016960973e+01
2.837754282558978147e+01
2.542384553082692378e+01
3.036191935083589755e+01
2.782992425833368344e+01
2.863828449419564492e+01
2.842311490312878064e+01
3.026697000267550308e+01
3.387827508891209050e+01
2.257106309750057704e+01
3.011765353615400898e+01
2.921991207837782767e+01
1.793418051392036006e+01
2.493091580601947399e+01
2.887147601733161295e+01
3.074601249213739962e+01
3.181448043289499950e+01
2.445104040208074991e+01
2.584470776924011659e+01
2.270600234870893885e+01
2.399334584143413807e+01
2.705939570780226333e+01
2.208960532906261065e+01
2.719791181731092777e+01
2.941553518419161861e+01
2.443245388611621038e+01
2.252890513939060568e+01
3.156840985595138704e+01
2.596946833424550860e+01
2.387745082075072389e+01
2.122613451864880574e+01
2.399788100494022558e+01
2.170180500916313449e+01
2.809539531990635908e+01
2.909279289398137536e+01
3.231747117444551520e+01
2.194462768382772921e+01
2.569239502913914208e+01
2.769774039471407789e+01
4.147741082672455804e+01
2.798575377555453514e+01
1.862122966840899707e+01
2.716001841999949917e+01
2.906666603013051287e+01
3.229513865082783752e+01
3.079724616418309324e+01
3.066850100830466275e+01
2.492068481493978993e+01
2.480569492712532309e+01
2.266416623577381273e+01
3.477001948068913606e+01
2.661138215389880202e+01
2.813959181339066973e+01
2.707404571950078775e+01
2.965448302906209932e+01
3.182064144830870944e+01
3.035833867576278067e+01
3.894950085896043390e+01
2.437082171818404319e+01
2.903423958391568505e+01
3.060196977097447402e+01
2.324252048364003898e+01
2.303953369299597043e+01
3.111958705068452957e+01
3.037045791689072871e+01
2.215594859071812905e+01
2.487040418420485466e+01
1.481999935335131191e+01
3.236246026058048386e+01
3.205511922471417563e+01
2.741985508522500226e+01
2.868622803453272496e+01
2.330541337073758257e+01
2.288100981489355945e+01
2.173176101079787159e+01
2.282366774939736231e+01
2.756217700251586322e+01
2.228243279696696533e+01
3.170603038028017906e+01
2.941279589921188986e+01
2.259891826519042723e+01
2.489328617015446454e+01
2.653322151509452809e+01
2.524167493593529343e+01
2.493001187992769374e+01
3.016242630361217181e+01
2.568941395951513229e+01
2.734901686137143884e+01
2.619259517548858440e+01
3.122010234673392048e+01
2.877888973067638645e+01
2.316353167517134182e+01
2.387118391160067787e+01
2.680593313307958425e+01
2.384829689627639127e+01
2.050054844280264632e+01
2.912407972567624270e+01
3.209880346981092458e+01
2.588677587369918243e+01
2.469669545024519408e+01
3.107905071355652638e+01
2.438406252801965124e+01
3.097987079719848325e+01
2.147933065153785748e+01
2.093550213091839041e+01
2.543561876654544207e+01
3.026541561624825150e+01
2.393530552527444755e+01
2.882812559068772984e+01
2.640183329451712169e+01
2.285759892245901526e+01
2.322723695460685889e+01
2.348790837211712557e+01
3.677032966862544328e+01
2.834410437446727826e+01
2.801206741076058648e+01
2.671923569703607981e+01
3.051364659368724119e+01
2.404784897630339913e+01
2.654744292143150020e+01
2.965501354464932859e+01
2.545738378807476110e+01
2.771993189237032240e+01
2.967455042278004029e+01
3.399398453980475665e+01
3.213918141965626774e+01
3.239096783275941505e+01
2.884937294702644195e+01
2.798332984628011744e+01
2.341385726861598116e+01
2.545434028115712266e+01
3.728781017105919915e+01
3.236627220342419520e+01
3.577274820759963347e+01
2.762953863701163826e+01
2.565228817604125311e+01
2.168365823429639860e+01
2.225778076726301435e+01
2.575880379771984607e+01
2.385758886951208169e+01
2.144949297186302672e+01
1.904802839316096552e+01
2.435266378590620207e+01
2.413612744791127085e+01
2.659145158021388866e+01
2.496174022379052104e+01
3.810913699876575578e+01
3.125876224676865078e+01
2.631947664964313560e+01
2.965699677438136561e+01
2.654422866137329606e+01
2.642749917751911681e+01
2.194375236187504186e+01
2.898291861229873945e+01
2.451296711967587783e+01
2.302114308087243799e+01
2.852927175142514571e+01
2.467283668690269138e+01
2.229192825920428689e+01
2.617062625993524350e+01
2.667033748620192313e+01
2.994429690703453062e+01
2.390225793239345364e+01
2.311905678727687530e+01
2.510775762425124569e+01
1.778583713239270736e+01
2.274095103873935386e+01
2.559732902207801786e+01
2.142224718320606058e+01
1.962134044738992955e+01
2.051854410527221972e+01
2.344378772705190528e+01
2.575684940008228807e+01
2.199128130118787183e+01
2.568989154031103439e+01
2.675822469991061681e+01
2.354251542164460886e+01
2.635119026039505385e+01
2.287250120825746791e+01
2.738800086445435866e+01
3.457536761310569062e+01
2.382840096147767284e+01
3.127089593554144287e+01
1.151043826667381964e+01
1.704016734352203954e+01
2.196243839405738285e+01
2.417556029171824861e+01
2.119951799309446017e+01
2.503203943705700851e+01
2.673356757848985765e+01
3.063910373759543049e+01
1.887177270422680664e+01
3.399083278544784292e+01
3.658275687364458406e+01
1.805090108554140826e+01
2.359169761998740711e+01
2.671709387047402728e+01
3.559835405385036466e+01
1.895355486077651364e+01
2.265559463021836706e+01
2.321109815326099834e+01
3.018523415512952113e+01
2.857890408158907292e+01
2.467791511543157768e+01
2.774391362452541543e+01
2.463710727089157260e+01
2.454482235933200585e+01
2.297731001267819195e+01
2.565764336244797050e+01
2.857560170531004573e+01
3.289805997483909294e+01
3.681277326183490572e+01
3.120324223080487158e+01
3.048265719356515646e+01
2.603769724934949181e+01
2.644898615017393340e+01
2.838843273293293734e+01
2.222487207218519245e+01
3.357834657701531000e+01
3.680989154607499358e+01
3.420759670656542539e+01
2.881250992190723537e+01
2.735633166870923105e+01
2.753327989648904861e+01
2.832463698544317765e+01
3.112647282831298057e+01
3.668155537005205957e+01
3.399104679463582102e+01
2.803500183877294205e+01
2.939357549248745016e+01
3.030795964228820338e+01
2.868745946111880585e+01
2.066973632471717792e+01
7.093309389298318024e+01
2.943362973457146836e+01
2.240438257098588437e+01
2.776334047161573793e+01
2.238316935988336098e+01
3.014274672916144837e+01
3.057300005819092803e+01
3.198057857122033454e+01
3.180151826937348147e+01
2.554618833231002384e+01
2.581935070510746755e+01
3.424965926522158099e+01
2.780934242158644309e+01
3.004475359082411146e+01
2.668469434697170328e+01
2.540993456676934059e+01
2.445705825182850646e+01
3.038282833677499184e+01
2.939631427428648891e+01
2.660692602979722210e+01
2.447654555570340307e+01
2.618899550215252248e+01
3.223492250309413976e+01
2.696465100156804695e+01
2.968270030518458924e+01
1.838511131323389236e+01
3.055155466976638934e+01
2.689807645388275148e+01
2.880206513913666200e+01
2.488716193089041084e+01
2.611204850789974685e+01
3.164974032785283597e+01
3.443556730030911694e+01
2.084325594167095019e+01
1.592538709105683914e+01
2.652403773408752841e+01
2.205373395584855345e+01
2.796620089873374582e+01
2.412095102860976326e+01
2.256655985145745191e+01
3.050311347556660380e+01
2.904577014396092594e+01
2.543410988177614129e+01
2.576613675111036628e+01
3.551490450980298164e+01
2.385444676666129027e+01
2.355340648604307319e+01
2.088745759540879021e+01
2.554672884320491733e+01
2.538958002996231045e+01
4.488083039237201177e+01
3.199137374886577234e+01
2.701897441106537912e+01
2.276038784086657429e+01
3.001109288999010616e+01
2.779937162164171482e+01
2.819497676593226387e+01
3.377343367319828360e+01
2.643352671820209565e+01
3.017072480377596477e+01
2.533562091885155354e+01
3.385650943748225927e+01
3.577546334674674000e+01
2.847219550524490828e+01
3.345963864584932423e+01
3.002626351849914244e+01
3.158103188624462376e+01
3.214330251284776807e+01
2.673389055608449638e+01
2.993500643499442049e+01
2.999414672182044228e+01
2.618395299592381775e+01
3.165819780615019141e+01
2.885631735065427961e+01
3.254634043409749466e+01
2.722379272879772216e+01
3.106502646679575363e+01
2.801055728209869145e+01
2.356596139117440103e+01
2.582242788555643642e+01
1.889897011383517622e+01
2.412130240594476405e+01
2.448976565931559790e+01
2.074671793736093761e+01
2.175621266315536317e+01
2.897364082538774355e+01
1.849130139127193218e+01
1.994479746651719765e+01
2.358079707304224470e+01
2.174603194466401135e+01
2.178149913805501114e+01
3.509707741868729158e+01
2.663008426573220078e+01
3.030296915865681484e+01
3.546751018935853494e+01
3.368848659903461140e+01
3.287536405485317204e+01
2.276882317402804290e+01
2.480217382800533699e+01
2.423982653537601806e+01
2.870291651647487186e+01
2.292001565008189345e+01
1.871970746776162997e+01
2.297808742349526057e+01
1.959991408144430736e+01
2.194991470294735691e+01
2.171983801154753380e+01
2.941350617119652711e+01
2.747029732881203756e+01
2.298749554927431404e+01
2.456337763535679386e+01
2.478716699280922953e+01
2.474484846387218440e+01
2.573144350849857176e+01
